     0.0 0.000 0.000 0.000 0.000
     1.0 0.014 0.009 0.021 0.002
     2.0 0.044 0.029 0.067 0.006
     3.0 0.079 0.055 0.122 0.012
     4.0 0.107 0.074 0.163 0.018
     5.0 0.142 0.098 0.212 0.027
     6.0 0.171 0.119 0.251 0.039
     7.0 0.204 0.142 0.294 0.052
     8.0 0.232 0.162 0.320 0.073
     9.0 0.262 0.185 0.338 0.109
    10.0 0.288 0.203 0.355 0.136
    11.0 0.318 0.226 0.377 0.167
    12.0 0.343 0.245 0.399 0.189
    13.0 0.373 0.267 0.427 0.214
    14.0 0.399 0.287 0.452 0.234
    15.0 0.427 0.311 0.481 0.256
    16.0 0.449 0.330 0.505 0.274
    17.0 0.477 0.354 0.538 0.293
    18.0 0.497 0.373 0.561 0.309
    19.0 0.521 0.395 0.591 0.326
    20.0 0.540 0.414 0.613 0.340
    21.0 0.562 0.438 0.641 0.359
    22.0 0.579 0.457 0.663 0.373
    23.0 0.599 0.479 0.688 0.390
    24.0 0.614 0.498 0.708 0.404
    25.0 0.631 0.520 0.730 0.421
    26.0 0.645 0.537 0.746 0.436
    27.0 0.660 0.559 0.763 0.455
    28.0 0.673 0.576 0.778 0.471
    29.0 0.687 0.596 0.793 0.490
    30.0 0.698 0.613 0.804 0.506
    31.0 0.713 0.631 0.817 0.527
    32.0 0.722 0.645 0.826 0.541
    33.0 0.735 0.661 0.836 0.560
    34.0 0.747 0.675 0.844 0.577
    35.0 0.760 0.689 0.853 0.597
    36.0 0.772 0.701 0.860 0.613
    37.0 0.783 0.713 0.866 0.630
    38.0 0.794 0.723 0.871 0.646
    39.0 0.808 0.732 0.877 0.663
    40.0 0.817 0.740 0.880 0.677
    41.0 0.828 0.748 0.884 0.692
    42.0 0.837 0.754 0.887 0.704
    43.0 0.845 0.761 0.889 0.717
    44.0 0.851 0.766 0.891 0.726
    45.0 0.857 0.772 0.894 0.735
    46.0 0.860 0.776 0.894 0.742
    47.0 0.864 0.780 0.895 0.749
    48.0 0.866 0.784 0.896 0.754
    49.0 0.869 0.788 0.897 0.760
    50.0 0.870 0.793 0.898 0.765
    51.0 0.871 0.797 0.898 0.770
    52.0 0.872 0.801 0.899 0.774
    53.0 0.873 0.805 0.900 0.779
    54.0 0.874 0.808 0.900 0.782
    55.0 0.875 0.812 0.901 0.787
    56.0 0.876 0.817 0.901 0.791
    57.0 0.876 0.820 0.901 0.795
    58.0 0.877 0.824 0.902 0.799
    59.0 0.878 0.829 0.902 0.804
    60.0 0.878 0.832 0.902 0.808
    61.0 0.879 0.836 0.902 0.813
    62.0 0.879 0.840 0.903 0.816
    63.0 0.880 0.844 0.903 0.820
    64.0 0.880 0.847 0.903 0.824
    65.0 0.881 0.852 0.904 0.829
    66.0 0.881 0.856 0.904 0.833
    67.0 0.882 0.860 0.904 0.838
    68.0 0.882 0.863 0.904 0.841
    69.0 0.883 0.867 0.905 0.845
    70.0 0.883 0.870 0.905 0.848
    71.0 0.884 0.873 0.906 0.850
    72.0 0.884 0.874 0.906 0.852
    73.0 0.885 0.875 0.907 0.853
    74.0 0.886 0.875 0.907 0.854
    75.0 0.886 0.876 0.907 0.855
    76.0 0.886 0.877 0.907 0.855
    77.0 0.886 0.878 0.908 0.857
    78.0 0.887 0.879 0.908 0.857
    79.0 0.887 0.880 0.908 0.859
    80.0 0.887 0.881 0.909 0.860
    81.0 0.888 0.882 0.909 0.861
    82.0 0.889 0.883 0.910 0.862
    83.0 0.889 0.885 0.910 0.864
    84.0 0.890 0.885 0.910 0.865
    85.0 0.891 0.887 0.911 0.867
    86.0 0.891 0.888 0.911 0.868
    87.0 0.892 0.889 0.912 0.869
    88.0 0.892 0.890 0.912 0.870
    89.0 0.893 0.891 0.913 0.871
    90.0 0.894 0.891 0.913 0.872
    91.0 0.894 0.891 0.913 0.872
    92.0 0.895 0.892 0.914 0.874
    93.0 0.895 0.893 0.914 0.874
    94.0 0.896 0.893 0.914 0.875
    95.0 0.897 0.894 0.915 0.876
    96.0 0.898 0.895 0.916 0.877
    97.0 0.898 0.896 0.916 0.877
    98.0 0.899 0.896 0.917 0.878
    99.0 0.899 0.898 0.918 0.879
   100.0 0.900 0.898 0.919 0.880
   101.0 0.901 0.899 0.919 0.881
   102.0 0.902 0.899 0.920 0.881
   103.0 0.903 0.900 0.920 0.883
   104.0 0.904 0.901 0.920 0.884
   105.0 0.904 0.902 0.921 0.885
   106.0 0.905 0.903 0.922 0.886
   107.0 0.906 0.904 0.922 0.887
   108.0 0.906 0.904 0.923 0.887
   109.0 0.907 0.904 0.923 0.888
   110.0 0.908 0.905 0.924 0.889
   111.0 0.909 0.906 0.925 0.891
   112.0 0.910 0.907 0.925 0.892
   113.0 0.912 0.908 0.926 0.895
   114.0 0.915 0.909 0.926 0.897
   115.0 0.919 0.911 0.930 0.901
   116.0 0.922 0.912 0.932 0.901
   117.0 0.926 0.915 0.937 0.904
   118.0 0.929 0.918 0.940 0.907
   119.0 0.932 0.921 0.943 0.910
   120.0 0.935 0.925 0.947 0.913
   121.0 0.939 0.929 0.951 0.917
   122.0 0.940 0.932 0.952 0.920
   123.0 0.943 0.935 0.955 0.923
   124.0 0.945 0.939 0.958 0.926
   125.0 0.948 0.942 0.960 0.930
   126.0 0.949 0.944 0.962 0.932
   127.0 0.952 0.947 0.964 0.934
   128.0 0.953 0.949 0.966 0.936
   129.0 0.954 0.951 0.967 0.938
   130.0 0.955 0.952 0.968 0.940
   131.0 0.957 0.954 0.969 0.942
   132.0 0.958 0.956 0.970 0.943
   133.0 0.960 0.957 0.972 0.945
   134.0 0.960 0.958 0.973 0.946
   135.0 0.961 0.959 0.973 0.946
   136.0 0.962 0.959 0.974 0.947
   137.0 0.963 0.960 0.974 0.948
   138.0 0.963 0.960 0.974 0.948
   139.0 0.964 0.960 0.975 0.949
   140.0 0.965 0.961 0.975 0.950
   141.0 0.965 0.961 0.976 0.950
   142.0 0.966 0.962 0.976 0.951
   143.0 0.967 0.962 0.977 0.952
   144.0 0.968 0.962 0.977 0.953
   145.0 0.969 0.963 0.978 0.954
   146.0 0.969 0.963 0.978 0.954
   147.0 0.970 0.963 0.978 0.955
   148.0 0.970 0.963 0.978 0.955
   149.0 0.970 0.963 0.978 0.955
   150.0 0.970 0.963 0.978 0.955
   151.0 0.971 0.963 0.978 0.955
   152.0 0.971 0.963 0.979 0.956
   153.0 0.971 0.964 0.979 0.956
   154.0 0.971 0.964 0.979 0.956
   155.0 0.971 0.964 0.979 0.956
   156.0 0.972 0.964 0.979 0.956
   157.0 0.972 0.964 0.979 0.957
   158.0 0.972 0.964 0.979 0.957
   159.0 0.972 0.964 0.979 0.957
   160.0 0.973 0.964 0.980 0.957
   161.0 0.973 0.965 0.980 0.958
   162.0 0.973 0.965 0.980 0.958
   163.0 0.973 0.965 0.980 0.958
   164.0 0.973 0.965 0.980 0.958
   165.0 0.973 0.965 0.980 0.958
   166.0 0.973 0.965 0.980 0.958
   167.0 0.974 0.965 0.980 0.959
   168.0 0.974 0.965 0.980 0.959
   169.0 0.974 0.965 0.980 0.959
   170.0 0.974 0.966 0.980 0.959
   171.0 0.974 0.966 0.981 0.959
   172.0 0.974 0.966 0.981 0.959
   173.0 0.974 0.966 0.981 0.960
   174.0 0.975 0.966 0.981 0.960
   175.0 0.975 0.967 0.981 0.960
   176.0 0.975 0.967 0.981 0.961
   177.0 0.975 0.967 0.981 0.961
   178.0 0.975 0.967 0.981 0.961
   179.0 0.975 0.968 0.981 0.961
   180.0 0.975 0.968 0.981 0.962
   181.0 0.975 0.968 0.981 0.962
   182.0 0.975 0.968 0.982 0.962
   183.0 0.975 0.968 0.982 0.962
   184.0 0.976 0.969 0.982 0.962
   185.0 0.976 0.969 0.982 0.963
   186.0 0.976 0.969 0.982 0.963
   187.0 0.976 0.969 0.982 0.963
   188.0 0.976 0.969 0.982 0.963
   189.0 0.976 0.970 0.982 0.963
   190.0 0.976 0.970 0.982 0.964
   191.0 0.976 0.970 0.982 0.964
   192.0 0.976 0.970 0.982 0.964
   193.0 0.976 0.970 0.982 0.964
   194.0 0.976 0.970 0.982 0.964
   195.0 0.976 0.970 0.982 0.965
   196.0 0.976 0.971 0.982 0.965
   197.0 0.977 0.971 0.982 0.965
   198.0 0.977 0.971 0.982 0.965
   199.0 0.977 0.971 0.982 0.966
   200.0 0.977 0.971 0.982 0.966
   201.0 0.977 0.971 0.982 0.966
   202.0 0.977 0.972 0.982 0.966
   203.0 0.977 0.972 0.983 0.966
   204.0 0.977 0.972 0.983 0.967
   205.0 0.977 0.972 0.983 0.967
   206.0 0.978 0.972 0.983 0.967
   207.0 0.978 0.973 0.983 0.967
   208.0 0.978 0.973 0.983 0.968
   209.0 0.978 0.973 0.983 0.968
   210.0 0.978 0.973 0.983 0.968
   211.0 0.978 0.973 0.983 0.968
   212.0 0.978 0.973 0.983 0.968
   213.0 0.978 0.973 0.983 0.968
   214.0 0.978 0.973 0.983 0.968
   215.0 0.978 0.973 0.983 0.968
   216.0 0.978 0.974 0.983 0.968
   217.0 0.978 0.974 0.983 0.969
   218.0 0.978 0.974 0.983 0.969
   219.0 0.978 0.974 0.983 0.969
   220.0 0.978 0.974 0.983 0.969
   221.0 0.978 0.974 0.983 0.969
   222.0 0.978 0.974 0.984 0.969
   223.0 0.978 0.975 0.984 0.969
   224.0 0.979 0.975 0.984 0.969
   225.0 0.979 0.975 0.984 0.970
   226.0 0.979 0.975 0.984 0.970
   227.0 0.979 0.975 0.984 0.970
   228.0 0.979 0.975 0.984 0.970
   229.0 0.979 0.975 0.984 0.970
   230.0 0.979 0.975 0.984 0.970
   231.0 0.979 0.975 0.984 0.970
   232.0 0.979 0.975 0.984 0.970
   233.0 0.979 0.975 0.984 0.970
   234.0 0.979 0.976 0.984 0.970
   235.0 0.979 0.976 0.984 0.970
   236.0 0.979 0.976 0.984 0.970
   237.0 0.979 0.976 0.984 0.970
   238.0 0.979 0.976 0.984 0.970
   239.0 0.979 0.976 0.985 0.971
   240.0 0.979 0.976 0.985 0.971
   241.0 0.980 0.976 0.985 0.971
   242.0 0.980 0.976 0.985 0.971
   243.0 0.980 0.976 0.985 0.971
   244.0 0.980 0.976 0.985 0.971
   245.0 0.980 0.976 0.985 0.971
   246.0 0.980 0.976 0.985 0.971
   247.0 0.980 0.976 0.985 0.972
   248.0 0.980 0.976 0.985 0.972
   249.0 0.980 0.977 0.985 0.972
   250.0 0.980 0.977 0.985 0.972
   251.0 0.980 0.977 0.985 0.972
   252.0 0.980 0.977 0.985 0.972
   253.0 0.980 0.977 0.985 0.972
   254.0 0.980 0.977 0.985 0.973
   255.0 0.980 0.978 0.985 0.973
   256.0 0.981 0.978 0.985 0.973
   257.0 0.981 0.978 0.985 0.973
   258.0 0.981 0.978 0.985 0.973
   259.0 0.981 0.978 0.986 0.973
   260.0 0.981 0.978 0.986 0.973
   261.0 0.981 0.978 0.986 0.974
   262.0 0.981 0.979 0.986 0.974
   263.0 0.981 0.979 0.986 0.974
   264.0 0.981 0.979 0.986 0.974
   265.0 0.981 0.979 0.986 0.974
   266.0 0.981 0.979 0.986 0.974
   267.0 0.981 0.979 0.986 0.975
   268.0 0.982 0.979 0.986 0.975
   269.0 0.982 0.979 0.986 0.975
   270.0 0.982 0.980 0.986 0.975
   271.0 0.982 0.980 0.986 0.976
   272.0 0.982 0.980 0.986 0.976
   273.0 0.982 0.980 0.986 0.976
   274.0 0.982 0.980 0.986 0.976
   275.0 0.982 0.980 0.986 0.976
   276.0 0.982 0.980 0.986 0.976
   277.0 0.982 0.980 0.986 0.976
   278.0 0.982 0.981 0.986 0.976
   279.0 0.982 0.981 0.986 0.977
   280.0 0.982 0.981 0.986 0.977
   281.0 0.983 0.981 0.987 0.977
   282.0 0.983 0.981 0.987 0.977
   283.0 0.983 0.981 0.987 0.977
   284.0 0.983 0.981 0.987 0.977
   285.0 0.983 0.981 0.987 0.977
   286.0 0.983 0.982 0.987 0.978
   287.0 0.983 0.982 0.987 0.978
   288.0 0.983 0.982 0.987 0.978
   289.0 0.983 0.982 0.987 0.978
   290.0 0.984 0.982 0.987 0.978
   291.0 0.984 0.982 0.988 0.978
   292.0 0.984 0.982 0.988 0.978
   293.0 0.984 0.982 0.988 0.979
   294.0 0.984 0.983 0.988 0.979
   295.0 0.984 0.983 0.988 0.979
   296.0 0.985 0.983 0.988 0.980
   297.0 0.985 0.983 0.988 0.980
   298.0 0.985 0.983 0.988 0.980
   299.0 0.985 0.983 0.988 0.980
   300.0 0.985 0.983 0.989 0.980
   301.0 0.985 0.983 0.989 0.980
   302.0 0.985 0.983 0.989 0.980
   303.0 0.986 0.983 0.989 0.980
   304.0 0.986 0.984 0.989 0.981
   305.0 0.986 0.984 0.989 0.981
   306.0 0.986 0.984 0.989 0.981
   307.0 0.986 0.984 0.989 0.981
   308.0 0.986 0.984 0.989 0.981
   309.0 0.986 0.984 0.989 0.981
   310.0 0.987 0.984 0.989 0.981
   311.0 0.987 0.984 0.990 0.982
   312.0 0.987 0.984 0.990 0.982
   313.0 0.987 0.984 0.990 0.982
   314.0 0.987 0.984 0.990 0.982
   315.0 0.987 0.985 0.990 0.982
   316.0 0.987 0.985 0.990 0.982
   317.0 0.987 0.985 0.990 0.982
   318.0 0.987 0.985 0.990 0.982
   319.0 0.987 0.985 0.990 0.983
   320.0 0.987 0.985 0.990 0.983
   321.0 0.988 0.986 0.990 0.983
   322.0 0.988 0.986 0.990 0.983
   323.0 0.988 0.986 0.990 0.983
   324.0 0.988 0.986 0.991 0.983
   325.0 0.988 0.986 0.991 0.983
   326.0 0.988 0.986 0.991 0.983
   327.0 0.988 0.986 0.991 0.984
   328.0 0.988 0.986 0.991 0.984
   329.0 0.988 0.986 0.991 0.984
   330.0 0.988 0.986 0.991 0.984
   331.0 0.988 0.986 0.991 0.984
   332.0 0.988 0.986 0.991 0.984
   333.0 0.988 0.987 0.991 0.984
   334.0 0.988 0.987 0.991 0.984
   335.0 0.988 0.987 0.991 0.984
   336.0 0.988 0.987 0.991 0.984
   337.0 0.988 0.987 0.991 0.984
   338.0 0.988 0.987 0.991 0.984
   339.0 0.989 0.987 0.991 0.984
   340.0 0.989 0.987 0.991 0.984
   341.0 0.989 0.987 0.991 0.984
   342.0 0.989 0.987 0.991 0.985
   343.0 0.989 0.987 0.992 0.985
   344.0 0.989 0.988 0.992 0.985
   345.0 0.989 0.988 0.992 0.985
   346.0 0.989 0.988 0.992 0.985
   347.0 0.989 0.988 0.992 0.985
   348.0 0.989 0.988 0.992 0.985
   349.0 0.989 0.988 0.992 0.985
   350.0 0.989 0.988 0.992 0.985
   351.0 0.989 0.988 0.992 0.985
   352.0 0.989 0.988 0.992 0.985
   353.0 0.989 0.988 0.992 0.985
   354.0 0.990 0.988 0.992 0.985
   355.0 0.990 0.988 0.992 0.985
   356.0 0.990 0.988 0.992 0.985
   357.0 0.990 0.988 0.992 0.985
   358.0 0.990 0.988 0.992 0.985
   359.0 0.990 0.988 0.992 0.985
   360.0 0.990 0.988 0.992 0.985
   361.0 0.990 0.988 0.992 0.986
   362.0 0.990 0.988 0.992 0.986
   363.0 0.990 0.988 0.992 0.986
   364.0 0.990 0.988 0.992 0.986
   365.0 0.990 0.988 0.992 0.986
   366.0 0.990 0.988 0.993 0.986
   367.0 0.990 0.988 0.993 0.986
   368.0 0.990 0.988 0.993 0.986
   369.0 0.991 0.989 0.993 0.986
   370.0 0.991 0.989 0.993 0.986
   371.0 0.991 0.989 0.993 0.986
   372.0 0.991 0.989 0.993 0.987
   373.0 0.991 0.989 0.993 0.987
   374.0 0.991 0.989 0.993 0.987
   375.0 0.991 0.989 0.993 0.987
   376.0 0.991 0.989 0.993 0.987
   377.0 0.991 0.989 0.993 0.987
   378.0 0.991 0.989 0.993 0.987
   379.0 0.991 0.989 0.993 0.987
   380.0 0.991 0.989 0.993 0.987
   381.0 0.991 0.989 0.993 0.987
   382.0 0.991 0.989 0.993 0.988
   383.0 0.991 0.989 0.993 0.988
   384.0 0.992 0.989 0.993 0.988
   385.0 0.992 0.989 0.993 0.988
   386.0 0.992 0.990 0.993 0.988
   387.0 0.992 0.990 0.993 0.988
   388.0 0.992 0.990 0.993 0.988
   389.0 0.992 0.990 0.993 0.988
   390.0 0.992 0.990 0.993 0.988
   391.0 0.992 0.990 0.993 0.988
   392.0 0.992 0.990 0.993 0.988
   393.0 0.992 0.990 0.993 0.988
   394.0 0.992 0.990 0.993 0.988
   395.0 0.992 0.990 0.993 0.988
   396.0 0.992 0.990 0.993 0.988
   397.0 0.992 0.990 0.993 0.988
   398.0 0.992 0.990 0.993 0.988
   399.0 0.992 0.990 0.993 0.988
   400.0 0.992 0.990 0.994 0.988
   401.0 0.992 0.990 0.994 0.989
   402.0 0.992 0.990 0.994 0.989
   403.0 0.992 0.990 0.994 0.989
   404.0 0.992 0.990 0.994 0.989
   405.0 0.992 0.990 0.994 0.989
   406.0 0.992 0.990 0.994 0.989
   407.0 0.992 0.990 0.994 0.989
   408.0 0.992 0.990 0.994 0.989
   409.0 0.993 0.990 0.994 0.989
   410.0 0.993 0.990 0.994 0.989
   411.0 0.993 0.991 0.994 0.989
   412.0 0.993 0.991 0.994 0.989
   413.0 0.993 0.991 0.994 0.989
   414.0 0.993 0.991 0.994 0.989
   415.0 0.993 0.991 0.994 0.989
   416.0 0.993 0.991 0.994 0.989
   417.0 0.993 0.991 0.994 0.990
   418.0 0.993 0.991 0.994 0.990
   419.0 0.993 0.991 0.994 0.990
   420.0 0.993 0.991 0.994 0.990
   421.0 0.993 0.991 0.994 0.990
   422.0 0.993 0.991 0.994 0.990
   423.0 0.993 0.991 0.994 0.990
   424.0 0.993 0.991 0.994 0.990
   425.0 0.993 0.991 0.994 0.990
   426.0 0.993 0.991 0.994 0.990
   427.0 0.993 0.991 0.994 0.990
   428.0 0.993 0.991 0.994 0.990
   429.0 0.993 0.991 0.994 0.990
   430.0 0.993 0.991 0.994 0.990
   431.0 0.993 0.991 0.994 0.990
   432.0 0.993 0.991 0.994 0.990
   433.0 0.993 0.991 0.994 0.990
   434.0 0.993 0.991 0.994 0.990
   435.0 0.993 0.991 0.994 0.991
   436.0 0.993 0.992 0.994 0.991
   437.0 0.993 0.992 0.994 0.991
   438.0 0.993 0.992 0.994 0.991
   439.0 0.993 0.992 0.994 0.991
   440.0 0.993 0.992 0.994 0.991
   441.0 0.994 0.992 0.994 0.991
   442.0 0.994 0.992 0.994 0.991
   443.0 0.994 0.992 0.994 0.991
   444.0 0.994 0.992 0.995 0.991
   445.0 0.994 0.992 0.995 0.991
   446.0 0.994 0.992 0.995 0.991
   447.0 0.994 0.992 0.995 0.991
   448.0 0.994 0.992 0.995 0.991
   449.0 0.994 0.992 0.995 0.991
   450.0 0.994 0.992 0.995 0.991
   451.0 0.994 0.992 0.995 0.991
   452.0 0.994 0.992 0.995 0.992
   453.0 0.994 0.992 0.995 0.992
   454.0 0.994 0.993 0.995 0.992
   455.0 0.994 0.993 0.995 0.992
   456.0 0.994 0.993 0.995 0.992
   457.0 0.994 0.993 0.995 0.992
   458.0 0.994 0.993 0.995 0.992
   459.0 0.994 0.993 0.995 0.992
   460.0 0.994 0.993 0.995 0.992
   461.0 0.994 0.993 0.995 0.992
   462.0 0.994 0.993 0.995 0.992
   463.0 0.994 0.993 0.995 0.992
   464.0 0.994 0.993 0.995 0.992
   465.0 0.994 0.993 0.995 0.992
   466.0 0.994 0.993 0.995 0.993
   467.0 0.994 0.993 0.995 0.993
   468.0 0.994 0.993 0.995 0.993
   469.0 0.994 0.993 0.995 0.993
   470.0 0.994 0.993 0.995 0.993
   471.0 0.994 0.993 0.995 0.993
   472.0 0.994 0.993 0.995 0.993
   473.0 0.994 0.993 0.995 0.993
   474.0 0.994 0.993 0.995 0.993
   475.0 0.994 0.994 0.995 0.993
   476.0 0.994 0.994 0.995 0.993
   477.0 0.994 0.994 0.995 0.993
   478.0 0.994 0.994 0.995 0.993
   479.0 0.994 0.994 0.995 0.993
   480.0 0.994 0.994 0.995 0.993
   481.0 0.994 0.994 0.995 0.993
   482.0 0.994 0.994 0.995 0.993
   483.0 0.994 0.994 0.995 0.993
   484.0 0.994 0.994 0.995 0.993
   485.0 0.994 0.994 0.995 0.993
   486.0 0.994 0.994 0.995 0.993
   487.0 0.994 0.994 0.995 0.993
   488.0 0.994 0.994 0.995 0.993
   489.0 0.995 0.994 0.995 0.993
   490.0 0.995 0.994 0.995 0.993
   491.0 0.995 0.994 0.995 0.993
   492.0 0.995 0.994 0.995 0.993
   493.0 0.995 0.994 0.995 0.993
   494.0 0.995 0.994 0.995 0.993
   495.0 0.995 0.994 0.996 0.993
   496.0 0.995 0.994 0.996 0.993
   497.0 0.995 0.994 0.996 0.993
   498.0 0.995 0.994 0.996 0.993
   499.0 0.995 0.994 0.996 0.993
   500.0 0.995 0.994 0.996 0.994
   501.0 0.995 0.994 0.996 0.994
   502.0 0.995 0.994 0.996 0.994
   503.0 0.995 0.994 0.996 0.994
   504.0 0.995 0.994 0.996 0.994
   505.0 0.995 0.994 0.996 0.994
   506.0 0.995 0.994 0.996 0.994
   507.0 0.995 0.994 0.996 0.994
   508.0 0.995 0.994 0.996 0.994
   509.0 0.995 0.994 0.996 0.994
   510.0 0.995 0.994 0.996 0.994
   511.0 0.995 0.994 0.996 0.994
   512.0 0.995 0.994 0.996 0.994
   513.0 0.995 0.994 0.996 0.994
   514.0 0.996 0.994 0.996 0.994
   515.0 0.996 0.994 0.996 0.994
   516.0 0.996 0.995 0.996 0.994
   517.0 0.996 0.995 0.996 0.994
   518.0 0.996 0.995 0.996 0.994
   519.0 0.996 0.995 0.996 0.994
   520.0 0.996 0.995 0.996 0.994
   521.0 0.996 0.995 0.996 0.994
   522.0 0.996 0.995 0.996 0.994
   523.0 0.996 0.995 0.996 0.994
   524.0 0.996 0.995 0.996 0.994
   525.0 0.996 0.995 0.996 0.994
   526.0 0.996 0.995 0.996 0.994
   527.0 0.996 0.995 0.997 0.994
   528.0 0.996 0.995 0.997 0.994
   529.0 0.996 0.995 0.997 0.994
   530.0 0.996 0.995 0.997 0.995
   531.0 0.996 0.995 0.997 0.995
   532.0 0.996 0.995 0.997 0.995
   533.0 0.996 0.995 0.997 0.995
   534.0 0.996 0.995 0.997 0.995
   535.0 0.996 0.995 0.997 0.995
   536.0 0.996 0.995 0.997 0.995
   537.0 0.996 0.995 0.997 0.995
   538.0 0.996 0.995 0.997 0.995
   539.0 0.996 0.995 0.997 0.995
   540.0 0.996 0.995 0.997 0.995
   541.0 0.996 0.995 0.997 0.995
   542.0 0.996 0.995 0.997 0.995
   543.0 0.996 0.995 0.997 0.995
   544.0 0.996 0.995 0.997 0.995
   545.0 0.996 0.995 0.997 0.995
   546.0 0.996 0.995 0.997 0.995
   547.0 0.996 0.995 0.997 0.995
   548.0 0.996 0.995 0.997 0.995
   549.0 0.996 0.995 0.997 0.995
   550.0 0.996 0.995 0.997 0.995
   551.0 0.996 0.995 0.997 0.995
   552.0 0.996 0.995 0.997 0.995
   553.0 0.996 0.995 0.997 0.995
   554.0 0.996 0.996 0.997 0.995
   555.0 0.996 0.996 0.997 0.995
   556.0 0.996 0.996 0.997 0.995
   557.0 0.997 0.996 0.997 0.995
   558.0 0.997 0.996 0.997 0.995
   559.0 0.997 0.996 0.997 0.995
   560.0 0.997 0.996 0.997 0.995
   561.0 0.997 0.996 0.997 0.995
   562.0 0.997 0.996 0.997 0.996
   563.0 0.997 0.996 0.997 0.996
   564.0 0.997 0.996 0.997 0.996
   565.0 0.997 0.996 0.997 0.996
   566.0 0.997 0.996 0.997 0.996
   567.0 0.997 0.996 0.997 0.996
   568.0 0.997 0.996 0.997 0.996
   569.0 0.997 0.996 0.997 0.996
   570.0 0.997 0.996 0.997 0.996
   571.0 0.997 0.996 0.997 0.996
   572.0 0.997 0.996 0.997 0.996
   573.0 0.997 0.996 0.997 0.996
   574.0 0.997 0.996 0.997 0.996
   575.0 0.997 0.996 0.997 0.996
   576.0 0.997 0.996 0.997 0.996
   577.0 0.997 0.996 0.997 0.996
   578.0 0.997 0.996 0.997 0.996
   579.0 0.997 0.996 0.997 0.996
   580.0 0.997 0.996 0.997 0.996
   581.0 0.997 0.996 0.997 0.996
   582.0 0.997 0.996 0.997 0.996
   583.0 0.997 0.996 0.997 0.996
   584.0 0.997 0.996 0.997 0.996
   585.0 0.997 0.996 0.997 0.996
   586.0 0.997 0.996 0.997 0.996
   587.0 0.997 0.996 0.997 0.996
   588.0 0.997 0.996 0.997 0.996
   589.0 0.997 0.996 0.997 0.996
   590.0 0.997 0.996 0.997 0.996
   591.0 0.997 0.996 0.997 0.996
   592.0 0.997 0.996 0.997 0.996
   593.0 0.997 0.996 0.997 0.996
   594.0 0.997 0.996 0.997 0.996
   595.0 0.997 0.997 0.997 0.996
   596.0 0.997 0.997 0.997 0.996
   597.0 0.997 0.997 0.997 0.996
   598.0 0.997 0.997 0.997 0.996
   599.0 0.997 0.997 0.997 0.996
   600.0 0.997 0.997 0.997 0.996
   601.0 0.997 0.997 0.997 0.996
   602.0 0.997 0.997 0.997 0.996
   603.0 0.997 0.997 0.997 0.996
   604.0 0.997 0.997 0.997 0.996
   605.0 0.997 0.997 0.997 0.996
   606.0 0.997 0.997 0.997 0.996
   607.0 0.997 0.997 0.997 0.996
   608.0 0.997 0.997 0.997 0.996
   609.0 0.997 0.997 0.997 0.996
   610.0 0.997 0.997 0.997 0.996
   611.0 0.997 0.997 0.997 0.996
   612.0 0.997 0.997 0.997 0.996
   613.0 0.997 0.997 0.997 0.996
   614.0 0.997 0.997 0.997 0.996
   615.0 0.997 0.997 0.997 0.996
   616.0 0.997 0.997 0.997 0.996
   617.0 0.997 0.997 0.997 0.996
   618.0 0.997 0.997 0.997 0.996
   619.0 0.997 0.997 0.997 0.996
   620.0 0.997 0.997 0.997 0.996
   621.0 0.997 0.997 0.997 0.996
   622.0 0.997 0.997 0.997 0.996
   623.0 0.997 0.997 0.997 0.996
   624.0 0.997 0.997 0.997 0.996
   625.0 0.997 0.997 0.997 0.996
   626.0 0.997 0.997 0.997 0.996
   627.0 0.997 0.997 0.997 0.997
   628.0 0.997 0.997 0.997 0.997
   629.0 0.997 0.997 0.997 0.997
   630.0 0.997 0.997 0.997 0.997
   631.0 0.997 0.997 0.997 0.997
   632.0 0.997 0.997 0.997 0.997
   633.0 0.997 0.997 0.997 0.997
   634.0 0.997 0.997 0.997 0.997
   635.0 0.997 0.997 0.997 0.997
   636.0 0.997 0.997 0.997 0.997
   637.0 0.997 0.997 0.998 0.997
   638.0 0.997 0.997 0.998 0.997
   639.0 0.997 0.997 0.998 0.997
   640.0 0.997 0.997 0.998 0.997
   641.0 0.997 0.997 0.998 0.997
   642.0 0.997 0.997 0.998 0.997
   643.0 0.997 0.997 0.998 0.997
   644.0 0.997 0.997 0.998 0.997
   645.0 0.997 0.997 0.998 0.997
   646.0 0.997 0.997 0.998 0.997
   647.0 0.998 0.997 0.998 0.997
   648.0 0.998 0.997 0.998 0.997
   649.0 0.998 0.998 0.998 0.997
   650.0 0.998 0.998 0.998 0.997
   651.0 0.998 0.998 0.998 0.997
   652.0 0.998 0.998 0.998 0.997
   653.0 0.998 0.998 0.998 0.997
   654.0 0.998 0.998 0.998 0.997
   655.0 0.998 0.998 0.998 0.997
   656.0 0.998 0.998 0.998 0.997
   657.0 0.998 0.998 0.998 0.997
   658.0 0.998 0.998 0.998 0.997
   659.0 0.998 0.998 0.998 0.997
   660.0 0.998 0.998 0.998 0.997
   661.0 0.998 0.998 0.998 0.997
   662.0 0.998 0.998 0.998 0.997
   663.0 0.998 0.998 0.998 0.998
   664.0 0.998 0.998 0.998 0.998
   665.0 0.998 0.998 0.998 0.998
   666.0 0.998 0.998 0.998 0.998
   667.0 0.998 0.998 0.998 0.998
   668.0 0.998 0.998 0.998 0.998
   669.0 0.998 0.998 0.998 0.998
   670.0 0.998 0.998 0.998 0.998
   671.0 0.998 0.998 0.998 0.998
   672.0 0.998 0.998 0.998 0.998
   673.0 0.998 0.998 0.998 0.998
   674.0 0.998 0.998 0.998 0.998
   675.0 0.998 0.998 0.998 0.998
   676.0 0.998 0.998 0.998 0.998
   677.0 0.998 0.998 0.998 0.998
   678.0 0.998 0.998 0.998 0.998
   679.0 0.998 0.998 0.998 0.998
   680.0 0.998 0.998 0.998 0.998
   681.0 0.998 0.998 0.998 0.998
   682.0 0.998 0.998 0.999 0.998
   683.0 0.998 0.998 0.999 0.998
   684.0 0.998 0.998 0.999 0.998
   685.0 0.998 0.998 0.999 0.998
   686.0 0.998 0.998 0.999 0.998
   687.0 0.998 0.998 0.999 0.998
   688.0 0.999 0.998 0.999 0.998
   689.0 0.999 0.998 0.999 0.998
   690.0 0.999 0.998 0.999 0.998
   691.0 0.999 0.998 0.999 0.998
   692.0 0.999 0.998 0.999 0.998
   693.0 0.999 0.998 0.999 0.998
   694.0 0.999 0.998 0.999 0.998
   695.0 0.999 0.998 0.999 0.998
   696.0 0.999 0.999 0.999 0.998
   697.0 0.999 0.999 0.999 0.998
   698.0 0.999 0.999 0.999 0.998
   699.0 0.999 0.999 0.999 0.998
   700.0 0.999 0.999 0.999 0.998
   701.0 0.999 0.999 0.999 0.998
   702.0 0.999 0.999 0.999 0.998
   703.0 0.999 0.999 0.999 0.998
   704.0 0.999 0.999 0.999 0.998
   705.0 0.999 0.999 0.999 0.998
   706.0 0.999 0.999 0.999 0.998
   707.0 0.999 0.999 0.999 0.998
   708.0 0.999 0.999 0.999 0.998
   709.0 0.999 0.999 0.999 0.998
   710.0 0.999 0.999 0.999 0.998
   711.0 0.999 0.999 0.999 0.998
   712.0 0.999 0.999 0.999 0.998
   713.0 0.999 0.999 0.999 0.998
   714.0 0.999 0.999 0.999 0.998
   715.0 0.999 0.999 0.999 0.998
   716.0 0.999 0.999 0.999 0.999
   717.0 0.999 0.999 0.999 0.999
   718.0 0.999 0.999 0.999 0.999
   719.0 0.999 0.999 0.999 0.999
   720.0 0.999 0.999 0.999 0.999
   721.0 0.999 0.999 0.999 0.999
   722.0 0.999 0.999 0.999 0.999
   723.0 0.999 0.999 0.999 0.999
   724.0 0.999 0.999 0.999 0.999
   725.0 0.999 0.999 0.999 0.999
   726.0 0.999 0.999 0.999 0.999
   727.0 0.999 0.999 0.999 0.999
   728.0 0.999 0.999 0.999 0.999
   729.0 0.999 0.999 0.999 0.999
   730.0 0.999 0.999 0.999 0.999
   731.0 0.999 0.999 0.999 0.999
   732.0 0.999 0.999 0.999 0.999
   733.0 0.999 0.999 0.999 0.999
   734.0 0.999 0.999 0.999 0.999
   735.0 0.999 0.999 0.999 0.999
   736.0 0.999 0.999 0.999 0.999
   737.0 0.999 0.999 0.999 0.999
   738.0 0.999 0.999 0.999 0.999
   739.0 0.999 0.999 0.999 0.999
   740.0 0.999 0.999 0.999 0.999
   741.0 0.999 0.999 0.999 0.999
   742.0 0.999 0.999 0.999 0.999
   743.0 0.999 0.999 0.999 0.999
   744.0 0.999 0.999 0.999 0.999
   745.0 0.999 0.999 0.999 0.999
   746.0 0.999 0.999 0.999 0.999
   747.0 0.999 0.999 0.999 0.999
   748.0 0.999 0.999 0.999 0.999
   749.0 0.999 0.999 0.999 0.999
   750.0 0.999 0.999 0.999 0.999
   751.0 0.999 0.999 0.999 0.999
   752.0 0.999 0.999 0.999 0.999
   753.0 0.999 0.999 0.999 0.999
   754.0 0.999 0.999 0.999 0.999
   755.0 0.999 0.999 0.999 0.999
   756.0 0.999 0.999 0.999 0.999
   757.0 0.999 0.999 0.999 0.999
   758.0 0.999 0.999 0.999 0.999
   759.0 0.999 0.999 0.999 0.999
   760.0 0.999 0.999 0.999 0.999
   761.0 0.999 0.999 0.999 0.999
   762.0 0.999 0.999 0.999 0.999
   763.0 0.999 0.999 0.999 0.999
   764.0 0.999 0.999 0.999 0.999
   765.0 0.999 0.999 0.999 0.999
   766.0 0.999 0.999 0.999 0.999
   767.0 0.999 0.999 0.999 0.999
   768.0 0.999 0.999 0.999 0.999
   769.0 0.999 0.999 0.999 0.999
   770.0 0.999 0.999 0.999 0.999
   771.0 0.999 0.999 0.999 0.999
   772.0 0.999 0.999 0.999 0.999
   773.0 0.999 0.999 0.999 0.999
   774.0 0.999 0.999 0.999 0.999
   775.0 0.999 0.999 0.999 0.999
   776.0 0.999 0.999 0.999 0.999
   777.0 0.999 0.999 0.999 0.999
   778.0 0.999 0.999 0.999 0.999
   779.0 0.999 0.999 0.999 0.999
   780.0 0.999 0.999 0.999 0.999
   781.0 0.999 0.999 0.999 0.999
   782.0 0.999 0.999 0.999 0.999
   783.0 0.999 0.999 0.999 0.999
   784.0 0.999 0.999 0.999 0.999
   785.0 0.999 0.999 0.999 0.999
   786.0 0.999 0.999 0.999 0.999
   787.0 0.999 0.999 0.999 0.999
   788.0 0.999 0.999 0.999 0.999
   789.0 0.999 0.999 0.999 0.999
   790.0 0.999 0.999 0.999 0.999
   791.0 0.999 0.999 0.999 0.999
   792.0 0.999 0.999 0.999 0.999
   793.0 0.999 0.999 0.999 0.999
   794.0 0.999 0.999 0.999 0.999
   795.0 0.999 0.999 0.999 0.999
   796.0 0.999 0.999 0.999 0.999
   797.0 0.999 0.999 0.999 0.999
   798.0 0.999 0.999 0.999 0.999
   799.0 0.999 0.999 0.999 0.999
   800.0 0.999 0.999 0.999 0.999
   801.0 0.999 0.999 0.999 0.999
   802.0 0.999 0.999 0.999 0.999
   803.0 0.999 0.999 0.999 0.999
   804.0 0.999 0.999 0.999 0.999
   805.0 0.999 0.999 0.999 0.999
   806.0 0.999 0.999 0.999 0.999
   807.0 0.999 0.999 0.999 0.999
   808.0 0.999 0.999 0.999 0.999
   809.0 0.999 0.999 0.999 0.999
   810.0 0.999 0.999 0.999 0.999
   811.0 0.999 0.999 0.999 0.999
   812.0 0.999 0.999 0.999 0.999
   813.0 0.999 0.999 0.999 0.999
   814.0 0.999 0.999 0.999 0.999
   815.0 0.999 0.999 0.999 0.999
   816.0 0.999 0.999 0.999 0.999
   817.0 0.999 0.999 0.999 0.999
   818.0 0.999 0.999 0.999 0.999
   819.0 0.999 0.999 0.999 0.999
   820.0 0.999 0.999 0.999 0.999
   821.0 0.999 0.999 0.999 0.999
   822.0 0.999 0.999 0.999 0.999
   823.0 0.999 0.999 0.999 0.999
   824.0 0.999 0.999 0.999 0.999
   825.0 0.999 0.999 0.999 0.999
   826.0 0.999 0.999 0.999 0.999
   827.0 0.999 0.999 0.999 0.999
   828.0 0.999 0.999 0.999 0.999
   829.0 0.999 0.999 0.999 0.999
   830.0 0.999 0.999 0.999 0.999
   831.0 0.999 0.999 0.999 0.999
   832.0 0.999 0.999 0.999 0.999
   833.0 0.999 0.999 0.999 0.999
   834.0 0.999 0.999 0.999 0.999
   835.0 0.999 0.999 0.999 0.999
   836.0 0.999 0.999 0.999 0.999
   837.0 0.999 0.999 0.999 0.999
   838.0 0.999 0.999 0.999 0.999
   839.0 0.999 0.999 0.999 0.999
   840.0 0.999 0.999 0.999 0.999
   841.0 0.999 0.999 0.999 0.999
   842.0 0.999 0.999 0.999 0.999
   843.0 0.999 0.999 0.999 0.999
   844.0 0.999 0.999 0.999 0.999
   845.0 0.999 0.999 0.999 0.999
   846.0 0.999 0.999 0.999 0.999
   847.0 0.999 0.999 0.999 0.999
   848.0 0.999 0.999 0.999 0.999
   849.0 0.999 0.999 0.999 0.999
   850.0 0.999 0.999 0.999 0.999
   851.0 0.999 0.999 0.999 0.999
   852.0 0.999 0.999 0.999 0.999
   853.0 0.999 0.999 0.999 0.999
   854.0 0.999 0.999 0.999 0.999
   855.0 0.999 0.999 0.999 0.999
   856.0 0.999 0.999 0.999 0.999
   857.0 0.999 0.999 0.999 0.999
   858.0 0.999 0.999 0.999 0.999
   859.0 0.999 0.999 0.999 0.999
   860.0 0.999 0.999 0.999 0.999
   861.0 0.999 0.999 0.999 0.999
   862.0 0.999 0.999 0.999 0.999
   863.0 0.999 0.999 0.999 0.999
   864.0 0.999 0.999 0.999 0.999
   865.0 0.999 0.999 0.999 0.999
   866.0 0.999 0.999 0.999 0.999
   867.0 0.999 0.999 0.999 0.999
   868.0 0.999 0.999 0.999 0.999
   869.0 0.999 0.999 0.999 0.999
   870.0 0.999 0.999 0.999 0.999
   871.0 0.999 0.999 0.999 0.999
   872.0 0.999 0.999 0.999 0.999
   873.0 0.999 0.999 0.999 0.999
   874.0 0.999 0.999 0.999 0.999
   875.0 0.999 0.999 0.999 0.999
   876.0 0.999 0.999 0.999 0.999
   877.0 0.999 0.999 0.999 0.999
   878.0 0.999 0.999 0.999 0.999
   879.0 0.999 0.999 0.999 0.999
   880.0 0.999 0.999 0.999 0.999
   881.0 0.999 0.999 0.999 0.999
   882.0 0.999 0.999 0.999 0.999
   883.0 0.999 0.999 0.999 0.999
   884.0 0.999 0.999 0.999 0.999
   885.0 0.999 0.999 0.999 0.999
   886.0 0.999 0.999 0.999 0.999
   887.0 0.999 0.999 0.999 0.999
   888.0 0.999 0.999 0.999 0.999
   889.0 0.999 0.999 0.999 0.999
   890.0 0.999 0.999 0.999 0.999
   891.0 0.999 0.999 0.999 0.999
   892.0 0.999 0.999 0.999 0.999
   893.0 0.999 0.999 0.999 0.999
   894.0 0.999 0.999 0.999 0.999
   895.0 0.999 0.999 0.999 0.999
   896.0 0.999 0.999 0.999 0.999
   897.0 0.999 0.999 0.999 0.999
   898.0 0.999 0.999 0.999 0.999
   899.0 0.999 0.999 0.999 0.999
   900.0 0.999 0.999 0.999 0.999
   901.0 0.999 0.999 0.999 0.999
   902.0 0.999 0.999 0.999 0.999
   903.0 0.999 0.999 0.999 0.999
   904.0 0.999 0.999 0.999 0.999
   905.0 0.999 0.999 0.999 0.999
   906.0 0.999 0.999 0.999 0.999
   907.0 0.999 0.999 0.999 0.999
   908.0 0.999 0.999 0.999 0.999
   909.0 0.999 0.999 0.999 0.999
   910.0 0.999 0.999 0.999 0.999
   911.0 0.999 0.999 0.999 0.999
   912.0 0.999 0.999 0.999 0.999
   913.0 0.999 0.999 0.999 0.999
   914.0 0.999 0.999 0.999 0.999
   915.0 0.999 0.999 0.999 0.999
   916.0 0.999 0.999 0.999 0.999
   917.0 0.999 0.999 0.999 0.999
   918.0 0.999 0.999 0.999 0.999
   919.0 0.999 0.999 0.999 0.999
   920.0 0.999 0.999 0.999 0.999
   921.0 0.999 0.999 0.999 0.999
   922.0 0.999 0.999 0.999 0.999
   923.0 0.999 0.999 0.999 0.999
   924.0 0.999 0.999 0.999 0.999
   925.0 0.999 0.999 0.999 0.999
   926.0 0.999 0.999 0.999 0.999
   927.0 0.999 0.999 0.999 0.999
   928.0 0.999 0.999 0.999 0.999
   929.0 0.999 0.999 0.999 0.999
   930.0 0.999 0.999 0.999 0.999
   931.0 0.999 0.999 0.999 0.999
   932.0 0.999 0.999 0.999 0.999
   933.0 0.999 0.999 0.999 0.999
   934.0 0.999 0.999 0.999 0.999
   935.0 0.999 0.999 0.999 0.999
   936.0 0.999 0.999 0.999 0.999
   937.0 0.999 0.999 0.999 0.999
   938.0 0.999 0.999 0.999 0.999
   939.0 0.999 0.999 0.999 0.999
   940.0 0.999 0.999 0.999 0.999
   941.0 0.999 0.999 0.999 0.999
   942.0 0.999 0.999 0.999 0.999
   943.0 0.999 0.999 0.999 0.999
   944.0 0.999 0.999 0.999 0.999
   945.0 0.999 0.999 0.999 0.999
   946.0 0.999 0.999 0.999 0.999
   947.0 0.999 0.999 0.999 0.999
   948.0 0.999 0.999 0.999 0.999
   949.0 0.999 0.999 0.999 0.999
   950.0 0.999 0.999 0.999 0.999
   951.0 0.999 0.999 0.999 0.999
   952.0 0.999 0.999 0.999 0.999
   953.0 0.999 0.999 0.999 0.999
   954.0 0.999 0.999 0.999 0.999
   955.0 0.999 0.999 0.999 0.999
   956.0 0.999 0.999 0.999 0.999
   957.0 1.000 0.999 1.000 0.999
   958.0 1.000 0.999 1.000 0.999
   959.0 1.000 0.999 1.000 0.999
   960.0 1.000 0.999 1.000 0.999
   961.0 1.000 0.999 1.000 0.999
   962.0 1.000 0.999 1.000 0.999
   963.0 1.000 0.999 1.000 0.999
   964.0 1.000 0.999 1.000 0.999
   965.0 1.000 0.999 1.000 0.999
   966.0 1.000 0.999 1.000 0.999
   967.0 1.000 0.999 1.000 0.999
   968.0 1.000 0.999 1.000 0.999
   969.0 1.000 0.999 1.000 0.999
   970.0 1.000 0.999 1.000 0.999
   971.0 1.000 0.999 1.000 0.999
   972.0 1.000 0.999 1.000 0.999
   973.0 1.000 0.999 1.000 0.999
   974.0 1.000 0.999 1.000 0.999
   975.0 1.000 0.999 1.000 0.999
   976.0 1.000 0.999 1.000 0.999
   977.0 1.000 0.999 1.000 0.999
   978.0 1.000 0.999 1.000 0.999
   979.0 1.000 0.999 1.000 0.999
   980.0 1.000 0.999 1.000 0.999
   981.0 1.000 0.999 1.000 0.999
   982.0 1.000 0.999 1.000 0.999
   983.0 1.000 0.999 1.000 0.999
   984.0 1.000 0.999 1.000 0.999
   985.0 1.000 0.999 1.000 0.999
   986.0 1.000 0.999 1.000 0.999
   987.0 1.000 0.999 1.000 0.999
   988.0 1.000 0.999 1.000 0.999
   989.0 1.000 0.999 1.000 0.999
   990.0 1.000 0.999 1.000 0.999
   991.0 1.000 0.999 1.000 0.999
   992.0 1.000 0.999 1.000 0.999
   993.0 1.000 0.999 1.000 0.999
   994.0 1.000 0.999 1.000 0.999
   995.0 1.000 0.999 1.000 0.999
   996.0 1.000 0.999 1.000 0.999
   997.0 1.000 0.999 1.000 0.999
   998.0 1.000 0.999 1.000 0.999
   999.0 1.000 0.999 1.000 0.999
  1000.0 1.000 0.999 1.000 0.999
  1001.0 1.000 0.999 1.000 0.999
  1002.0 1.000 0.999 1.000 0.999
  1003.0 1.000 0.999 1.000 0.999
  1004.0 1.000 0.999 1.000 0.999
  1005.0 1.000 0.999 1.000 0.999
  1006.0 1.000 0.999 1.000 0.999
  1007.0 1.000 0.999 1.000 0.999
  1008.0 1.000 0.999 1.000 0.999
  1009.0 1.000 0.999 1.000 0.999
  1010.0 1.000 0.999 1.000 0.999
  1011.0 1.000 0.999 1.000 0.999
  1012.0 1.000 0.999 1.000 0.999
  1013.0 1.000 0.999 1.000 0.999
  1014.0 1.000 0.999 1.000 0.999
  1015.0 1.000 0.999 1.000 0.999
  1016.0 1.000 0.999 1.000 0.999
  1017.0 1.000 0.999 1.000 0.999
  1018.0 1.000 0.999 1.000 0.999
  1019.0 1.000 0.999 1.000 0.999
  1020.0 1.000 0.999 1.000 0.999
  1021.0 1.000 0.999 1.000 0.999
  1022.0 1.000 0.999 1.000 0.999
  1023.0 1.000 0.999 1.000 0.999
  1024.0 1.000 0.999 1.000 0.999
  1025.0 1.000 0.999 1.000 0.999
  1026.0 1.000 0.999 1.000 0.999
  1027.0 1.000 0.999 1.000 0.999
  1028.0 1.000 0.999 1.000 0.999
  1029.0 1.000 0.999 1.000 0.999
  1030.0 1.000 0.999 1.000 0.999
  1031.0 1.000 0.999 1.000 0.999
  1032.0 1.000 0.999 1.000 0.999
  1033.0 1.000 0.999 1.000 0.999
  1034.0 1.000 0.999 1.000 0.999
  1035.0 1.000 0.999 1.000 0.999
  1036.0 1.000 0.999 1.000 0.999
  1037.0 1.000 0.999 1.000 0.999
  1038.0 1.000 0.999 1.000 0.999
  1039.0 1.000 0.999 1.000 0.999
  1040.0 1.000 0.999 1.000 0.999
  1041.0 1.000 0.999 1.000 0.999
  1042.0 1.000 1.000 1.000 1.000
  1043.0 1.000 1.000 1.000 1.000
  1044.0 1.000 1.000 1.000 1.000
  1045.0 1.000 1.000 1.000 1.000
  1046.0 1.000 1.000 1.000 1.000
  1047.0 1.000 1.000 1.000 1.000
  1048.0 1.000 1.000 1.000 1.000
  1049.0 1.000 1.000 1.000 1.000
  1050.0 1.000 1.000 1.000 1.000
  1051.0 1.000 1.000 1.000 1.000
  1052.0 1.000 1.000 1.000 1.000
  1053.0 1.000 1.000 1.000 1.000
  1054.0 1.000 1.000 1.000 1.000
  1055.0 1.000 1.000 1.000 1.000
  1056.0 1.000 1.000 1.000 1.000
  1057.0 1.000 1.000 1.000 1.000
  1058.0 1.000 1.000 1.000 1.000
  1059.0 1.000 1.000 1.000 1.000
  1060.0 1.000 1.000 1.000 1.000
  1061.0 1.000 1.000 1.000 1.000
  1062.0 1.000 1.000 1.000 1.000
  1063.0 1.000 1.000 1.000 1.000
  1064.0 1.000 1.000 1.000 1.000
  1065.0 1.000 1.000 1.000 1.000
  1066.0 1.000 1.000 1.000 1.000
  1067.0 1.000 1.000 1.000 1.000
  1068.0 1.000 1.000 1.000 1.000
  1069.0 1.000 1.000 1.000 1.000
  1070.0 1.000 1.000 1.000 1.000
  1071.0 1.000 1.000 1.000 1.000
  1072.0 1.000 1.000 1.000 1.000
  1073.0 1.000 1.000 1.000 1.000
  1074.0 1.000 1.000 1.000 1.000
  1075.0 1.000 1.000 1.000 1.000
  1076.0 1.000 1.000 1.000 1.000
  1077.0 1.000 1.000 1.000 1.000
  1078.0 1.000 1.000 1.000 1.000
  1079.0 1.000 1.000 1.000 1.000
  1080.0 1.000 1.000 1.000 1.000
  1081.0 1.000 1.000 1.000 1.000
  1082.0 1.000 1.000 1.000 1.000
  1083.0 1.000 1.000 1.000 1.000
  1084.0 1.000 1.000 1.000 1.000
  1085.0 1.000 1.000 1.000 1.000
  1086.0 1.000 1.000 1.000 1.000
  1087.0 1.000 1.000 1.000 1.000
  1088.0 1.000 1.000 1.000 1.000
  1089.0 1.000 1.000 1.000 1.000
  1090.0 1.000 1.000 1.000 1.000
  1091.0 1.000 1.000 1.000 1.000
  1092.0 1.000 1.000 1.000 1.000
  1093.0 1.000 1.000 1.000 1.000
  1094.0 1.000 1.000 1.000 1.000
  1095.0 1.000 1.000 1.000 1.000
  1096.0 1.000 1.000 1.000 1.000
  1097.0 1.000 1.000 1.000 1.000
  1098.0 1.000 1.000 1.000 1.000
  1099.0 1.000 1.000 1.000 1.000
  1100.0 1.000 1.000 1.000 1.000
  1101.0 1.000 1.000 1.000 1.000
  1102.0 1.000 1.000 1.000 1.000
  1103.0 1.000 1.000 1.000 1.000
  1104.0 1.000 1.000 1.000 1.000
  1105.0 1.000 1.000 1.000 1.000
  1106.0 1.000 1.000 1.000 1.000
  1107.0 1.000 1.000 1.000 1.000
  1108.0 1.000 1.000 1.000 1.000
  1109.0 1.000 1.000 1.000 1.000
  1110.0 1.000 1.000 1.000 1.000
  1111.0 1.000 1.000 1.000 1.000
  1112.0 1.000 1.000 1.000 1.000
  1113.0 1.000 1.000 1.000 1.000
  1114.0 1.000 1.000 1.000 1.000
  1115.0 1.000 1.000 1.000 1.000
  1116.0 1.000 1.000 1.000 1.000
  1117.0 1.000 1.000 1.000 1.000
  1118.0 1.000 1.000 1.000 1.000
  1119.0 1.000 1.000 1.000 1.000
  1120.0 1.000 1.000 1.000 1.000
  1121.0 1.000 1.000 1.000 1.000
  1122.0 1.000 1.000 1.000 1.000
  1123.0 1.000 1.000 1.000 1.000
  1124.0 1.000 1.000 1.000 1.000
  1125.0 1.000 1.000 1.000 1.000
  1126.0 1.000 1.000 1.000 1.000
  1127.0 1.000 1.000 1.000 1.000
  1128.0 1.000 1.000 1.000 1.000
  1129.0 1.000 1.000 1.000 1.000
  1130.0 1.000 1.000 1.000 1.000
  1131.0 1.000 1.000 1.000 1.000
  1132.0 1.000 1.000 1.000 1.000
  1133.0 1.000 1.000 1.000 1.000
  1134.0 1.000 1.000 1.000 1.000
  1135.0 1.000 1.000 1.000 1.000
  1136.0 1.000 1.000 1.000 1.000
  1137.0 1.000 1.000 1.000 1.000
  1138.0 1.000 1.000 1.000 1.000
  1139.0 1.000 1.000 1.000 1.000
  1140.0 1.000 1.000 1.000 1.000
  1141.0 1.000 1.000 1.000 1.000
  1142.0 1.000 1.000 1.000 1.000
  1143.0 1.000 1.000 1.000 1.000
  1144.0 1.000 1.000 1.000 1.000
  1145.0 1.000 1.000 1.000 1.000
  1146.0 1.000 1.000 1.000 1.000
  1147.0 1.000 1.000 1.000 1.000
  1148.0 1.000 1.000 1.000 1.000
  1149.0 1.000 1.000 1.000 1.000
  1150.0 1.000 1.000 1.000 1.000
  1151.0 1.000 1.000 1.000 1.000
  1152.0 1.000 1.000 1.000 1.000
  1153.0 1.000 1.000 1.000 1.000
  1154.0 1.000 1.000 1.000 1.000
  1155.0 1.000 1.000 1.000 1.000
  1156.0 1.000 1.000 1.000 1.000
  1157.0 1.000 1.000 1.000 1.000
  1158.0 1.000 1.000 1.000 1.000
  1159.0 1.000 1.000 1.000 1.000
  1160.0 1.000 1.000 1.000 1.000
  1161.0 1.000 1.000 1.000 1.000
  1162.0 1.000 1.000 1.000 1.000
  1163.0 1.000 1.000 1.000 1.000
  1164.0 1.000 1.000 1.000 1.000
  1165.0 1.000 1.000 1.000 1.000
  1166.0 1.000 1.000 1.000 1.000
  1167.0 1.000 1.000 1.000 1.000
  1168.0 1.000 1.000 1.000 1.000
  1169.0 1.000 1.000 1.000 1.000
  1170.0 1.000 1.000 1.000 1.000
  1171.0 1.000 1.000 1.000 1.000
  1172.0 1.000 1.000 1.000 1.000
  1173.0 1.000 1.000 1.000 1.000
  1174.0 1.000 1.000 1.000 1.000
  1175.0 1.000 1.000 1.000 1.000
  1176.0 1.000 1.000 1.000 1.000
  1177.0 1.000 1.000 1.000 1.000
  1178.0 1.000 1.000 1.000 1.000
  1179.0 1.000 1.000 1.000 1.000
  1180.0 1.000 1.000 1.000 1.000
  1181.0 1.000 1.000 1.000 1.000
  1182.0 1.000 1.000 1.000 1.000
  1183.0 1.000 1.000 1.000 1.000
  1184.0 1.000 1.000 1.000 1.000
  1185.0 1.000 1.000 1.000 1.000
  1186.0 1.000 1.000 1.000 1.000
  1187.0 1.000 1.000 1.000 1.000
  1188.0 1.000 1.000 1.000 1.000
  1189.0 1.000 1.000 1.000 1.000
  1190.0 1.000 1.000 1.000 1.000
  1191.0 1.000 1.000 1.000 1.000
  1192.0 1.000 1.000 1.000 1.000
  1193.0 1.000 1.000 1.000 1.000
  1194.0 1.000 1.000 1.000 1.000
  1195.0 1.000 1.000 1.000 1.000
  1196.0 1.000 1.000 1.000 1.000
  1197.0 1.000 1.000 1.000 1.000
  1198.0 1.000 1.000 1.000 1.000
  1199.0 1.000 1.000 1.000 1.000
  1200.0 1.000 1.000 1.000 1.000
  1201.0 1.000 1.000 1.000 1.000
  1202.0 1.000 1.000 1.000 1.000
  1203.0 1.000 1.000 1.000 1.000
  1204.0 1.000 1.000 1.000 1.000
  1205.0 1.000 1.000 1.000 1.000
  1206.0 1.000 1.000 1.000 1.000
  1207.0 1.000 1.000 1.000 1.000
  1208.0 1.000 1.000 1.000 1.000
  1209.0 1.000 1.000 1.000 1.000
  1210.0 1.000 1.000 1.000 1.000
  1211.0 1.000 1.000 1.000 1.000
  1212.0 1.000 1.000 1.000 1.000
  1213.0 1.000 1.000 1.000 1.000
  1214.0 1.000 1.000 1.000 1.000
  1215.0 1.000 1.000 1.000 1.000
  1216.0 1.000 1.000 1.000 1.000
  1217.0 1.000 1.000 1.000 1.000
  1218.0 1.000 1.000 1.000 1.000
  1219.0 1.000 1.000 1.000 1.000
  1220.0 1.000 1.000 1.000 1.000
  1221.0 1.000 1.000 1.000 1.000
  1222.0 1.000 1.000 1.000 1.000
  1223.0 1.000 1.000 1.000 1.000
  1224.0 1.000 1.000 1.000 1.000
  1225.0 1.000 1.000 1.000 1.000
  1226.0 1.000 1.000 1.000 1.000
  1227.0 1.000 1.000 1.000 1.000
  1228.0 1.000 1.000 1.000 1.000
  1229.0 1.000 1.000 1.000 1.000
  1230.0 1.000 1.000 1.000 1.000
  1231.0 1.000 1.000 1.000 1.000
  1232.0 1.000 1.000 1.000 1.000
  1233.0 1.000 1.000 1.000 1.000
  1234.0 1.000 1.000 1.000 1.000
  1235.0 1.000 1.000 1.000 1.000
  1236.0 1.000 1.000 1.000 1.000
  1237.0 1.000 1.000 1.000 1.000
  1238.0 1.000 1.000 1.000 1.000
  1239.0 1.000 1.000 1.000 1.000
  1240.0 1.000 1.000 1.000 1.000
  1241.0 1.000 1.000 1.000 1.000
  1242.0 1.000 1.000 1.000 1.000
  1243.0 1.000 1.000 1.000 1.000
  1244.0 1.000 1.000 1.000 1.000
  1245.0 1.000 1.000 1.000 1.000
  1246.0 1.000 1.000 1.000 1.000
  1247.0 1.000 1.000 1.000 1.000
  1248.0 1.000 1.000 1.000 1.000
  1249.0 1.000 1.000 1.000 1.000
  1250.0 1.000 1.000 1.000 1.000
  1251.0 1.000 1.000 1.000 1.000
  1252.0 1.000 1.000 1.000 1.000
  1253.0 1.000 1.000 1.000 1.000
  1254.0 1.000 1.000 1.000 1.000
  1255.0 1.000 1.000 1.000 1.000
  1256.0 1.000 1.000 1.000 1.000
  1257.0 1.000 1.000 1.000 1.000
  1258.0 1.000 1.000 1.000 1.000
  1259.0 1.000 1.000 1.000 1.000
  1260.0 1.000 1.000 1.000 1.000
  1261.0 1.000 1.000 1.000 1.000
  1262.0 1.000 1.000 1.000 1.000
  1263.0 1.000 1.000 1.000 1.000
  1264.0 1.000 1.000 1.000 1.000
  1265.0 1.000 1.000 1.000 1.000
  1266.0 1.000 1.000 1.000 1.000
  1267.0 1.000 1.000 1.000 1.000
  1268.0 1.000 1.000 1.000 1.000
  1269.0 1.000 1.000 1.000 1.000
  1270.0 1.000 1.000 1.000 1.000
  1271.0 1.000 1.000 1.000 1.000
  1272.0 1.000 1.000 1.000 1.000
  1273.0 1.000 1.000 1.000 1.000
  1274.0 1.000 1.000 1.000 1.000
  1275.0 1.000 1.000 1.000 1.000
  1276.0 1.000 1.000 1.000 1.000
  1277.0 1.000 1.000 1.000 1.000
  1278.0 1.000 1.000 1.000 1.000
  1279.0 1.000 1.000 1.000 1.000
  1280.0 1.000 1.000 1.000 1.000
  1281.0 1.000 1.000 1.000 1.000
  1282.0 1.000 1.000 1.000 1.000
  1283.0 1.000 1.000 1.000 1.000
  1284.0 1.000 1.000 1.000 1.000
  1285.0 1.000 1.000 1.000 1.000
  1286.0 1.000 1.000 1.000 1.000
  1287.0 1.000 1.000 1.000 1.000
  1288.0 1.000 1.000 1.000 1.000
  1289.0 1.000 1.000 1.000 1.000
  1290.0 1.000 1.000 1.000 1.000
  1291.0 1.000 1.000 1.000 1.000
  1292.0 1.000 1.000 1.000 1.000
  1293.0 1.000 1.000 1.000 1.000
  1294.0 1.000 1.000 1.000 1.000
  1295.0 1.000 1.000 1.000 1.000
  1296.0 1.000 1.000 1.000 1.000
  1297.0 1.000 1.000 1.000 1.000
  1298.0 1.000 1.000 1.000 1.000
  1299.0 1.000 1.000 1.000 1.000
  1300.0 1.000 1.000 1.000 1.000
  1301.0 1.000 1.000 1.000 1.000
  1302.0 1.000 1.000 1.000 1.000
  1303.0 1.000 1.000 1.000 1.000
  1304.0 1.000 1.000 1.000 1.000
  1305.0 1.000 1.000 1.000 1.000
  1306.0 1.000 1.000 1.000 1.000
  1307.0 1.000 1.000 1.000 1.000
  1308.0 1.000 1.000 1.000 1.000
  1309.0 1.000 1.000 1.000 1.000
  1310.0 1.000 1.000 1.000 1.000
  1311.0 1.000 1.000 1.000 1.000
  1312.0 1.000 1.000 1.000 1.000
  1313.0 1.000 1.000 1.000 1.000
  1314.0 1.000 1.000 1.000 1.000
  1315.0 1.000 1.000 1.000 1.000
  1316.0 1.000 1.000 1.000 1.000
  1317.0 1.000 1.000 1.000 1.000
  1318.0 1.000 1.000 1.000 1.000
  1319.0 1.000 1.000 1.000 1.000
  1320.0 1.000 1.000 1.000 1.000
  1321.0 1.000 1.000 1.000 1.000
  1322.0 1.000 1.000 1.000 1.000
  1323.0 1.000 1.000 1.000 1.000
  1324.0 1.000 1.000 1.000 1.000
  1325.0 1.000 1.000 1.000 1.000
  1326.0 1.000 1.000 1.000 1.000
  1327.0 1.000 1.000 1.000 1.000
  1328.0 1.000 1.000 1.000 1.000
  1329.0 1.000 1.000 1.000 1.000
  1330.0 1.000 1.000 1.000 1.000
  1331.0 1.000 1.000 1.000 1.000
  1332.0 1.000 1.000 1.000 1.000
  1333.0 1.000 1.000 1.000 1.000
  1334.0 1.000 1.000 1.000 1.000
  1335.0 1.000 1.000 1.000 1.000
  1336.0 1.000 1.000 1.000 1.000
  1337.0 1.000 1.000 1.000 1.000
  1338.0 1.000 1.000 1.000 1.000
  1339.0 1.000 1.000 1.000 1.000
  1340.0 1.000 1.000 1.000 1.000
  1341.0 1.000 1.000 1.000 1.000
  1342.0 1.000 1.000 1.000 1.000
  1343.0 1.000 1.000 1.000 1.000
  1344.0 1.000 1.000 1.000 1.000
  1345.0 1.000 1.000 1.000 1.000
  1346.0 1.000 1.000 1.000 1.000
  1347.0 1.000 1.000 1.000 1.000
  1348.0 1.000 1.000 1.000 1.000
  1349.0 1.000 1.000 1.000 1.000
  1350.0 1.000 1.000 1.000 1.000
  1351.0 1.000 1.000 1.000 1.000
  1352.0 1.000 1.000 1.000 1.000
  1353.0 1.000 1.000 1.000 1.000
  1354.0 1.000 1.000 1.000 1.000
  1355.0 1.000 1.000 1.000 1.000
  1356.0 1.000 1.000 1.000 1.000
  1357.0 1.000 1.000 1.000 1.000
  1358.0 1.000 1.000 1.000 1.000
  1359.0 1.000 1.000 1.000 1.000
  1360.0 1.000 1.000 1.000 1.000
  1361.0 1.000 1.000 1.000 1.000
  1362.0 1.000 1.000 1.000 1.000
  1363.0 1.000 1.000 1.000 1.000
  1364.0 1.000 1.000 1.000 1.000
  1365.0 1.000 1.000 1.000 1.000
  1366.0 1.000 1.000 1.000 1.000
  1367.0 1.000 1.000 1.000 1.000
  1368.0 1.000 1.000 1.000 1.000
  1369.0 1.000 1.000 1.000 1.000
  1370.0 1.000 1.000 1.000 1.000
  1371.0 1.000 1.000 1.000 1.000
  1372.0 1.000 1.000 1.000 1.000
  1373.0 1.000 1.000 1.000 1.000
  1374.0 1.000 1.000 1.000 1.000
  1375.0 1.000 1.000 1.000 1.000
  1376.0 1.000 1.000 1.000 1.000
  1377.0 1.000 1.000 1.000 1.000
  1378.0 1.000 1.000 1.000 1.000
  1379.0 1.000 1.000 1.000 1.000
  1380.0 1.000 1.000 1.000 1.000
  1381.0 1.000 1.000 1.000 1.000
  1382.0 1.000 1.000 1.000 1.000
  1383.0 1.000 1.000 1.000 1.000
  1384.0 1.000 1.000 1.000 1.000
  1385.0 1.000 1.000 1.000 1.000
  1386.0 1.000 1.000 1.000 1.000
  1387.0 1.000 1.000 1.000 1.000
  1388.0 1.000 1.000 1.000 1.000
  1389.0 1.000 1.000 1.000 1.000
  1390.0 1.000 1.000 1.000 1.000
  1391.0 1.000 1.000 1.000 1.000
  1392.0 1.000 1.000 1.000 1.000
  1393.0 1.000 1.000 1.000 1.000
  1394.0 1.000 1.000 1.000 1.000
  1395.0 1.000 1.000 1.000 1.000
  1396.0 1.000 1.000 1.000 1.000
  1397.0 1.000 1.000 1.000 1.000
  1398.0 1.000 1.000 1.000 1.000
  1399.0 1.000 1.000 1.000 1.000
  1400.0 1.000 1.000 1.000 1.000
  1401.0 1.000 1.000 1.000 1.000
  1402.0 1.000 1.000 1.000 1.000
  1403.0 1.000 1.000 1.000 1.000
  1404.0 1.000 1.000 1.000 1.000
  1405.0 1.000 1.000 1.000 1.000
  1406.0 1.000 1.000 1.000 1.000
  1407.0 1.000 1.000 1.000 1.000
  1408.0 1.000 1.000 1.000 1.000
  1409.0 1.000 1.000 1.000 1.000
  1410.0 1.000 1.000 1.000 1.000
  1411.0 1.000 1.000 1.000 1.000
  1412.0 1.000 1.000 1.000 1.000
  1413.0 1.000 1.000 1.000 1.000
  1414.0 1.000 1.000 1.000 1.000
  1415.0 1.000 1.000 1.000 1.000
  1416.0 1.000 1.000 1.000 1.000
  1417.0 1.000 1.000 1.000 1.000
  1418.0 1.000 1.000 1.000 1.000
  1419.0 1.000 1.000 1.000 1.000
  1420.0 1.000 1.000 1.000 1.000
  1421.0 1.000 1.000 1.000 1.000
  1422.0 1.000 1.000 1.000 1.000
  1423.0 1.000 1.000 1.000 1.000
  1424.0 1.000 1.000 1.000 1.000
  1425.0 1.000 1.000 1.000 1.000
  1426.0 1.000 1.000 1.000 1.000
  1427.0 1.000 1.000 1.000 1.000
  1428.0 1.000 1.000 1.000 1.000
  1429.0 1.000 1.000 1.000 1.000
  1430.0 1.000 1.000 1.000 1.000
  1431.0 1.000 1.000 1.000 1.000
  1432.0 1.000 1.000 1.000 1.000
  1433.0 1.000 1.000 1.000 1.000
  1434.0 1.000 1.000 1.000 1.000
  1435.0 1.000 1.000 1.000 1.000
  1436.0 1.000 1.000 1.000 1.000
  1437.0 1.000 1.000 1.000 1.000
  1438.0 1.000 1.000 1.000 1.000
  1439.0 1.000 1.000 1.000 1.000
  1440.0 1.000 1.000 1.000 1.000

