     0.0 0.065
     1.0 0.049
     2.0 0.068
     3.0 0.072
     4.0 0.062
     5.0 0.063
     6.0 0.077
     7.0 0.057
     8.0 0.059
     9.0 0.061
    10.0 0.070
    11.0 0.049
    12.0 0.058
    13.0 0.064
    14.0 0.061
    15.0 0.095
    16.0 0.080
    17.0 0.070
    18.0 0.073
    19.0 0.060
    20.0 0.076
    21.0 0.048
    22.0 0.063
    23.0 0.061
    24.0 0.113
    25.0 0.088
    26.0 0.071
    27.0 0.093
    28.0 0.074
    29.0 0.075
    30.0 0.069
    31.0 0.096
    32.0 0.095
    33.0 0.084
    34.0 0.064
    35.0 0.109
    36.0 0.108
    37.0 0.047
    38.0 0.067
    39.0 0.091
    40.0 0.099
    41.0 0.075
    42.0 0.059
    43.0 0.065
    44.0 0.075
    45.0 0.095
    46.0 0.071
    47.0 0.073
    48.0 0.064
    49.0 0.111
    50.0 0.089
    51.0 0.077
    52.0 0.054
    53.0 0.053
    54.0 0.085
    55.0 0.095
    56.0 0.057
    57.0 0.089
    58.0 0.076
    59.0 0.102
    60.0 0.083
    61.0 0.106
    62.0 0.098
    63.0 0.082
    64.0 0.064
    65.0 0.064
    66.0 0.118
    67.0 0.058
    68.0 0.062
    69.0 0.124
    70.0 0.100
    71.0 0.078
    72.0 0.042
    73.0 0.058
    74.0 0.078
    75.0 0.058
    76.0 0.063
    77.0 0.079
    78.0 0.079
    79.0 0.090
    80.0 0.063
    81.0 0.087
    82.0 0.078
    83.0 0.110
    84.0 0.097
    85.0 0.076
    86.0 0.069
    87.0 0.066
    88.0 0.098
    89.0 0.116
    90.0 0.062
    91.0 0.055
    92.0 0.049
    93.0 0.098
    94.0 0.070
    95.0 0.057
    96.0 0.045
    97.0 0.112
    98.0 0.058
    99.0 0.104
   100.0 0.117
   101.0 0.057
   102.0 0.087
   103.0 0.087
   104.0 0.056
   105.0 0.096
   106.0 0.066
   107.0 0.055
   108.0 0.080
   109.0 0.060
   110.0 0.059
   111.0 0.059
   112.0 0.053
   113.0 0.066
   114.0 0.044
   115.0 0.067
   116.0 0.065
   117.0 0.069
   118.0 0.068
   119.0 0.069
   120.0 0.069
   121.0 0.052
   122.0 0.070
   123.0 0.068
   124.0 0.085
   125.0 0.062
   126.0 0.051
   127.0 0.056
   128.0 0.082
   129.0 0.059
   130.0 0.121
   131.0 0.077
   132.0 0.067
   133.0 0.075
   134.0 0.064
   135.0 0.122
   136.0 0.054
   137.0 0.127
   138.0 0.066
   139.0 0.069
   140.0 0.084
   141.0 0.071
   142.0 0.060
   143.0 0.062
   144.0 0.088
   145.0 0.051
   146.0 0.092
   147.0 0.075
   148.0 0.070
   149.0 0.075
   150.0 0.050
   151.0 0.037
   152.0 0.085
   153.0 0.057
   154.0 0.064
   155.0 0.081
   156.0 0.082
   157.0 0.082
   158.0 0.063
   159.0 0.057
   160.0 0.070
   161.0 0.077
   162.0 0.066
   163.0 0.106
   164.0 0.064
   165.0 0.060
   166.0 0.080
   167.0 0.060
   168.0 0.062
   169.0 0.080
   170.0 0.082
   171.0 0.059
   172.0 0.108
   173.0 0.054
   174.0 0.057
   175.0 0.063
   176.0 0.069
   177.0 0.085
   178.0 0.090
   179.0 0.087
   180.0 0.059
   181.0 0.072
   182.0 0.067
   183.0 0.106
   184.0 0.049
   185.0 0.061
   186.0 0.075
   187.0 0.071
   188.0 0.086
   189.0 0.066
   190.0 0.049
   191.0 0.075
   192.0 0.075
   193.0 0.066
   194.0 0.058
   195.0 0.050
   196.0 0.078
   197.0 0.114
   198.0 0.081
   199.0 0.045
   200.0 0.090
   201.0 0.066
   202.0 0.090
   203.0 0.056
   204.0 0.070
   205.0 0.076
   206.0 0.073
   207.0 0.088
   208.0 0.072
   209.0 0.081
   210.0 0.037
   211.0 0.066
   212.0 0.089
   213.0 0.079
   214.0 0.081
   215.0 0.077
   216.0 0.064
   217.0 0.072
   218.0 0.067
   219.0 0.052
   220.0 0.077
   221.0 0.073
   222.0 0.068
   223.0 0.059
   224.0 0.060
   225.0 0.049
   226.0 0.100
   227.0 0.056
   228.0 0.090
   229.0 0.073
   230.0 0.066
   231.0 0.068
   232.0 0.075
   233.0 0.070
   234.0 0.061
   235.0 0.066
   236.0 0.056
   237.0 0.071
   238.0 0.054
   239.0 0.065
   240.0 0.075
   241.0 0.101
   242.0 0.084
   243.0 0.079
   244.0 0.074
   245.0 0.069
   246.0 0.068
   247.0 0.065
   248.0 0.063
   249.0 0.109
   250.0 0.089
   251.0 0.098
   252.0 0.084
   253.0 0.082
   254.0 0.113
   255.0 0.089
   256.0 0.079
   257.0 0.101
   258.0 0.107
   259.0 0.076
   260.0 0.072
   261.0 0.068
   262.0 0.090
   263.0 0.076
   264.0 0.096
   265.0 0.090
   266.0 0.081
   267.0 0.054
   268.0 0.070
   269.0 0.066
   270.0 0.138
   271.0 0.082
   272.0 0.053
   273.0 0.064
   274.0 0.046
   275.0 0.079
   276.0 0.095
   277.0 0.072
   278.0 0.079
   279.0 0.086
   280.0 0.074
   281.0 0.066
   282.0 0.087
   283.0 0.116
   284.0 0.109
   285.0 0.111
   286.0 0.086
   287.0 0.128
   288.0 0.100
   289.0 0.054
   290.0 0.069
   291.0 0.055
   292.0 0.073
   293.0 0.071
   294.0 0.062
   295.0 0.073
   296.0 0.080
   297.0 0.081
   298.0 0.101
   299.0 0.110
   300.0 0.081
   301.0 0.106
   302.0 0.093
   303.0 0.074
   304.0 0.090
   305.0 0.088
   306.0 0.081
   307.0 0.080
   308.0 0.093
   309.0 0.069
   310.0 0.092
   311.0 0.065
   312.0 0.065
   313.0 0.057
   314.0 0.098
   315.0 0.049
   316.0 0.077
   317.0 0.089
   318.0 0.075
   319.0 0.074
   320.0 0.084
   321.0 0.070
   322.0 0.058
   323.0 0.084
   324.0 0.058
   325.0 0.070
   326.0 0.049
   327.0 0.047
   328.0 0.074
   329.0 0.070
   330.0 0.072
   331.0 0.094
   332.0 0.114
   333.0 0.059
   334.0 0.065
   335.0 0.061
   336.0 0.090
   337.0 0.091
   338.0 0.095
   339.0 0.091
   340.0 0.050
   341.0 0.039
   342.0 0.069
   343.0 0.068
   344.0 0.071
   345.0 0.069
   346.0 0.127
   347.0 0.077
   348.0 0.058
   349.0 0.075
   350.0 0.097
   351.0 0.105
   352.0 0.042
   353.0 0.058
   354.0 0.085
   355.0 0.058
   356.0 0.056
   357.0 0.084
   358.0 0.103
   359.0 0.102
   360.0 0.088
   361.0 0.094
   362.0 0.027
   363.0 0.107
   364.0 0.080
   365.0 0.092
   366.0 0.076
   367.0 0.106
   368.0 0.052
   369.0 0.080
   370.0 0.082
   371.0 0.069
   372.0 0.134
   373.0 0.045
   374.0 0.082
   375.0 0.085
   376.0 0.070
   377.0 0.103
   378.0 0.077
   379.0 0.072
   380.0 0.074
   381.0 0.114
   382.0 0.084
   383.0 0.103
   384.0 0.067
   385.0 0.075
   386.0 0.086
   387.0 0.084
   388.0 0.083
   389.0 0.095
   390.0 0.084
   391.0 0.109
   392.0 0.056
   393.0 0.120
   394.0 0.088
   395.0 0.110
   396.0 0.079
   397.0 0.135
   398.0 0.065
   399.0 0.068
   400.0 0.090
   401.0 0.097
   402.0 0.084
   403.0 0.116
   404.0 0.124
   405.0 0.120
   406.0 0.084
   407.0 0.097
   408.0 0.098
   409.0 0.074
   410.0 0.087
   411.0 0.083
   412.0 0.067
   413.0 0.118
   414.0 0.085
   415.0 0.085
   416.0 0.095
   417.0 0.100
   418.0 0.138
   419.0 0.146
   420.0 0.070
   421.0 0.068
   422.0 0.074
   423.0 0.091
   424.0 0.080
   425.0 0.067
   426.0 0.098
   427.0 0.109
   428.0 0.078
   429.0 0.076
   430.0 0.099
   431.0 0.059
   432.0 0.050
   433.0 0.082
   434.0 0.098
   435.0 0.047
   436.0 0.057
   437.0 0.100
   438.0 0.098
   439.0 0.072
   440.0 0.107
   441.0 0.098
   442.0 0.078
   443.0 0.101
   444.0 0.075
   445.0 0.097
   446.0 0.074
   447.0 0.090
   448.0 0.079
   449.0 0.068
   450.0 0.110
   451.0 0.097
   452.0 0.063
   453.0 0.055
   454.0 0.076
   455.0 0.135
   456.0 0.065
   457.0 0.071
   458.0 0.115
   459.0 0.054
   460.0 0.091
   461.0 0.077
   462.0 0.171
   463.0 0.100
   464.0 0.087
   465.0 0.097
   466.0 0.083
   467.0 0.074
   468.0 0.091
   469.0 0.128
   470.0 0.168
   471.0 0.115
   472.0 0.108
   473.0 0.101
   474.0 0.152
   475.0 0.123
   476.0 0.100
   477.0 0.108
   478.0 0.094
   479.0 0.094
   480.0 0.080
   481.0 0.089
   482.0 0.085
   483.0 0.143
   484.0 0.128
   485.0 0.087
   486.0 0.076
   487.0 0.072
   488.0 0.108
   489.0 0.069
   490.0 0.113
   491.0 0.067
   492.0 0.088
   493.0 0.113
   494.0 0.058
   495.0 0.114
   496.0 0.048
   497.0 0.075
   498.0 0.097
   499.0 0.109
   500.0 0.103
   501.0 0.079
   502.0 0.122
   503.0 0.112
   504.0 0.115
   505.0 0.107
   506.0 0.059
   507.0 0.077
   508.0 0.065
   509.0 0.078
   510.0 0.080
   511.0 0.113
   512.0 0.076
   513.0 0.072
   514.0 0.078
   515.0 0.100
   516.0 0.100
   517.0 0.093
   518.0 0.094
   519.0 0.063
   520.0 0.156
   521.0 0.087
   522.0 0.097
   523.0 0.147
   524.0 0.102
   525.0 0.070
   526.0 0.087
   527.0 0.088
   528.0 0.139
   529.0 0.079
   530.0 0.067
   531.0 0.069
   532.0 0.099
   533.0 0.079
   534.0 0.087
   535.0 0.076
   536.0 0.123
   537.0 0.085
   538.0 0.084
   539.0 0.081
   540.0 0.106
   541.0 0.104
   542.0 0.073
   543.0 0.092
   544.0 0.075
   545.0 0.081
   546.0 0.094
   547.0 0.066
   548.0 0.144
   549.0 0.118
   550.0 0.080
   551.0 0.081
   552.0 0.103
   553.0 0.104
   554.0 0.113
   555.0 0.084
   556.0 0.105
   557.0 0.095
   558.0 0.125
   559.0 0.129
   560.0 0.061
   561.0 0.122
   562.0 0.125
   563.0 0.089
   564.0 0.077
   565.0 0.083
   566.0 0.102
   567.0 0.082
   568.0 0.087
   569.0 0.062
   570.0 0.097
   571.0 0.115
   572.0 0.120
   573.0 0.121
   574.0 0.116
   575.0 0.145
   576.0 0.059
   577.0 0.096
   578.0 0.104
   579.0 0.072
   580.0 0.097
   581.0 0.097
   582.0 0.062
   583.0 0.097
   584.0 0.086
   585.0 0.130
   586.0 0.094
   587.0 0.100
   588.0 0.065
   589.0 0.133
   590.0 0.051
   591.0 0.128
   592.0 0.112
   593.0 0.089
   594.0 0.090
   595.0 0.098
   596.0 0.082
   597.0 0.134
   598.0 0.064
   599.0 0.187
   600.0 0.068
   601.0 0.126
   602.0 0.136
   603.0 0.040
   604.0 0.124
   605.0 0.111
   606.0 0.084
   607.0 0.112
   608.0 0.106
   609.0 0.143
   610.0 0.100
   611.0 0.118
   612.0 0.108
   613.0 0.143
   614.0 0.150
   615.0 0.108
   616.0 0.072
   617.0 0.095
   618.0 0.155
   619.0 0.089
   620.0 0.072
   621.0 0.082
   622.0 0.109
   623.0 0.117
   624.0 0.149
   625.0 0.173
   626.0 0.105
   627.0 0.108
   628.0 0.087
   629.0 0.076
   630.0 0.166
   631.0 0.094
   632.0 0.071
   633.0 0.100
   634.0 0.113
   635.0 0.111
   636.0 0.098
   637.0 0.068
   638.0 0.093
   639.0 0.089
   640.0 0.114
   641.0 0.131
   642.0 0.106
   643.0 0.079
   644.0 0.079
   645.0 0.118
   646.0 0.100
   647.0 0.130
   648.0 0.085
   649.0 0.070
   650.0 0.137
   651.0 0.078
   652.0 0.083
   653.0 0.097
   654.0 0.110
   655.0 0.125
   656.0 0.179
   657.0 0.101
   658.0 0.091
   659.0 0.100
   660.0 0.121
   661.0 0.101
   662.0 0.090
   663.0 0.109
   664.0 0.062
   665.0 0.126
   666.0 0.107
   667.0 0.115
   668.0 0.139
   669.0 0.130
   670.0 0.108
   671.0 0.111
   672.0 0.080
   673.0 0.065
   674.0 0.113
   675.0 0.142
   676.0 0.075
   677.0 0.074
   678.0 0.132
   679.0 0.137
   680.0 0.135
   681.0 0.095
   682.0 0.141
   683.0 0.100
   684.0 0.126
   685.0 0.119
   686.0 0.158
   687.0 0.093
   688.0 0.138
   689.0 0.138
   690.0 0.088
   691.0 0.085
   692.0 0.127
   693.0 0.083
   694.0 0.120
   695.0 0.104
   696.0 0.113
   697.0 0.143
   698.0 0.108
   699.0 0.157
   700.0 0.145
   701.0 0.087
   702.0 0.119
   703.0 0.141
   704.0 0.121
   705.0 0.126
   706.0 0.126
   707.0 0.189
   708.0 0.156
   709.0 0.135
   710.0 0.128
   711.0 0.134
   712.0 0.150
   713.0 0.101
   714.0 0.123
   715.0 0.126
   716.0 0.180
   717.0 0.105
   718.0 0.138
   719.0 0.137
   720.0 0.108
   721.0 0.126
   722.0 0.137
   723.0 0.109
   724.0 0.137
   725.0 0.104
   726.0 0.151
   727.0 0.138
   728.0 0.133
   729.0 0.118
   730.0 0.121
   731.0 0.113
   732.0 0.164
   733.0 0.087
   734.0 0.114
   735.0 0.151
   736.0 0.126
   737.0 0.163
   738.0 0.143
   739.0 0.144
   740.0 0.112
   741.0 0.129
   742.0 0.148
   743.0 0.102
   744.0 0.109
   745.0 0.099
   746.0 0.164
   747.0 0.108
   748.0 0.107
   749.0 0.154
   750.0 0.105
   751.0 0.163
   752.0 0.083
   753.0 0.122
   754.0 0.110
   755.0 0.147
   756.0 0.110
   757.0 0.109
   758.0 0.135
   759.0 0.129
   760.0 0.107
   761.0 0.107
   762.0 0.132
   763.0 0.114
   764.0 0.115
   765.0 0.169
   766.0 0.137
   767.0 0.159
   768.0 0.101
   769.0 0.107
   770.0 0.104
   771.0 0.126
   772.0 0.158
   773.0 0.131
   774.0 0.127
   775.0 0.120
   776.0 0.100
   777.0 0.117
   778.0 0.127
   779.0 0.141
   780.0 0.122
   781.0 0.130
   782.0 0.113
   783.0 0.115
   784.0 0.122
   785.0 0.120
   786.0 0.125
   787.0 0.125
   788.0 0.137
   789.0 0.112
   790.0 0.115
   791.0 0.139
   792.0 0.121
   793.0 0.125
   794.0 0.138
   795.0 0.120
   796.0 0.118
   797.0 0.132
   798.0 0.144
   799.0 0.113
   800.0 0.102
   801.0 0.096
   802.0 0.105
   803.0 0.122
   804.0 0.126
   805.0 0.115
   806.0 0.117
   807.0 0.113
   808.0 0.119
   809.0 0.122
   810.0 0.117
   811.0 0.114
   812.0 0.130
   813.0 0.121
   814.0 0.114
   815.0 0.107
   816.0 0.109
   817.0 0.103
   818.0 0.127
   819.0 0.116
   820.0 0.123
   821.0 0.107
   822.0 0.123
   823.0 0.108
   824.0 0.108
   825.0 0.105
   826.0 0.103
   827.0 0.129
   828.0 0.135
   829.0 0.090
   830.0 0.111
   831.0 0.080
   832.0 0.122
   833.0 0.127
   834.0 0.133
   835.0 0.116
   836.0 0.116
   837.0 0.110
   838.0 0.097
   839.0 0.120
   840.0 0.087
   841.0 0.132
   842.0 0.112
   843.0 0.126
   844.0 0.119
   845.0 0.104
   846.0 0.087
   847.0 0.096
   848.0 0.106
   849.0 0.120
   850.0 0.100
   851.0 0.107
   852.0 0.122
   853.0 0.106
   854.0 0.149
   855.0 0.072
   856.0 0.117
   857.0 0.084
   858.0 0.086
   859.0 0.091
   860.0 0.108
   861.0 0.119
   862.0 0.138
   863.0 0.087
   864.0 0.108
   865.0 0.078
   866.0 0.093
   867.0 0.107
   868.0 0.109
   869.0 0.091
   870.0 0.094
   871.0 0.159
   872.0 0.067
   873.0 0.157
   874.0 0.106
   875.0 0.069
   876.0 0.073
   877.0 0.041
   878.0 0.102
   879.0 0.051
   880.0 0.042
   881.0 0.134
   882.0 0.115
   883.0 0.083
   884.0 0.140
   885.0 0.094
   886.0 0.081
   887.0 0.187
   888.0 0.172
   889.0 0.105
   890.0 0.196
   891.0 0.100
   892.0 0.108
   893.0 0.109
   894.0 0.295
   895.0 0.084
   896.0 0.210
   897.0 0.166
   898.0 0.149
   899.0 0.155
   900.0 0.163
   901.0 0.091
   902.0 0.131
   903.0 0.207
   904.0 0.222
   905.0 0.249
   906.0 0.094
   907.0 0.216
   908.0 0.089
   909.0 0.104
   910.0 0.114
   911.0 0.124
   912.0 0.131
   913.0 0.122
   914.0 0.049
   915.0 0.196
   916.0 0.121
   917.0 0.154
   918.0 0.103
   919.0 0.088
   920.0 0.095
   921.0 0.071
   922.0 0.051
   923.0 0.067
   924.0 0.059
   925.0 0.132
   926.0 0.070
   927.0 0.076
   928.0 0.091
   929.0 0.121
   930.0 0.101
   931.0 0.118
   932.0 0.071
   933.0 0.097
   934.0 0.095
   935.0 0.095
   936.0 0.134
   937.0 0.075
   938.0 0.109
   939.0 0.111
   940.0 0.110
   941.0 0.112
   942.0 0.100
   943.0 0.110
   944.0 0.110
   945.0 0.112
   946.0 0.089
   947.0 0.131
   948.0 0.139
   949.0 0.128
   950.0 0.095
   951.0 0.113
   952.0 0.119
   953.0 0.126
   954.0 0.080
   955.0 0.120
   956.0 0.091
   957.0 0.147
   958.0 0.142
   959.0 0.106
   960.0 0.110
   961.0 0.123
   962.0 0.104
   963.0 0.121
   964.0 0.135
   965.0 0.116
   966.0 0.127
   967.0 0.129
   968.0 0.120
   969.0 0.125
   970.0 0.098
   971.0 0.111
   972.0 0.121
   973.0 0.147
   974.0 0.137
   975.0 0.118
   976.0 0.160
   977.0 0.142
   978.0 0.100
   979.0 0.109
   980.0 0.143
   981.0 0.117
   982.0 0.148
   983.0 0.137
   984.0 0.136
   985.0 0.118
   986.0 0.108
   987.0 0.112
   988.0 0.125
   989.0 0.132
   990.0 0.114
   991.0 0.127
   992.0 0.124
   993.0 0.107
   994.0 0.114
   995.0 0.133
   996.0 0.118
   997.0 0.140
   998.0 0.136
   999.0 0.098
  1000.0 0.120
  1001.0 0.130
  1002.0 0.126
  1003.0 0.155
  1004.0 0.126
  1005.0 0.116
  1006.0 0.139
  1007.0 0.134
  1008.0 0.123
  1009.0 0.133
  1010.0 0.118
  1011.0 0.132
  1012.0 0.115
  1013.0 0.113
  1014.0 0.106
  1015.0 0.133
  1016.0 0.103
  1017.0 0.115
  1018.0 0.140
  1019.0 0.128
  1020.0 0.124
  1021.0 0.144
  1022.0 0.101
  1023.0 0.114
  1024.0 0.120
  1025.0 0.111
  1026.0 0.133
  1027.0 0.134
  1028.0 0.152
  1029.0 0.141
  1030.0 0.122
  1031.0 0.122
  1032.0 0.111
  1033.0 0.130
  1034.0 0.182
  1035.0 0.113
  1036.0 0.120
  1037.0 0.102
  1038.0 0.124
  1039.0 0.152
  1040.0 0.112
  1041.0 0.104
  1042.0 0.083
  1043.0 0.115
  1044.0 0.141
  1045.0 0.182
  1046.0 0.114
  1047.0 0.190
  1048.0 0.082
  1049.0 0.104
  1050.0 0.112
  1051.0 0.114
  1052.0 0.133
  1053.0 0.122
  1054.0 0.121
  1055.0 0.136
  1056.0 0.110
  1057.0 0.132
  1058.0 0.122
  1059.0 0.108
  1060.0 0.104
  1061.0 0.138
  1062.0 0.121
  1063.0 0.074
  1064.0 0.116
  1065.0 0.111
  1066.0 0.222
  1067.0 0.135
  1068.0 0.193
  1069.0 0.104
  1070.0 0.134
  1071.0 0.098
  1072.0 0.102
  1073.0 0.133
  1074.0 0.143
  1075.0 0.163
  1076.0 0.108
  1077.0 0.097
  1078.0 0.171
  1079.0 0.170
  1080.0 0.141
  1081.0 0.149
  1082.0 0.146
  1083.0 0.148
  1084.0 0.141
  1085.0 0.104
  1086.0 0.225
  1087.0 0.139
  1088.0 0.139
  1089.0 0.121
  1090.0 0.119
  1091.0 0.125
  1092.0 0.126
  1093.0 0.152
  1094.0 0.121
  1095.0 0.099
  1096.0 0.142
  1097.0 0.168
  1098.0 0.165
  1099.0 0.097
  1100.0 0.153
  1101.0 0.117
  1102.0 0.150
  1103.0 0.124
  1104.0 0.138
  1105.0 0.108
  1106.0 0.079
  1107.0 0.150
  1108.0 0.109
  1109.0 0.103
  1110.0 0.122
  1111.0 0.145
  1112.0 0.109
  1113.0 0.173
  1114.0 0.117
  1115.0 0.077
  1116.0 0.109
  1117.0 0.109
  1118.0 0.074
  1119.0 0.188
  1120.0 0.149
  1121.0 0.162
  1122.0 0.144
  1123.0 0.104
  1124.0 0.194
  1125.0 0.110
  1126.0 0.114
  1127.0 0.150
  1128.0 0.139
  1129.0 0.160
  1130.0 0.057
  1131.0 0.113
  1132.0 0.119
  1133.0 0.123
  1134.0 0.116
  1135.0 0.120
  1136.0 0.143
  1137.0 0.111
  1138.0 0.109
  1139.0 0.199
  1140.0 0.092
  1141.0 0.100
  1142.0 0.066
  1143.0 0.107
  1144.0 0.096
  1145.0 0.118
  1146.0 0.104
  1147.0 0.099
  1148.0 0.080
  1149.0 0.127
  1150.0 0.113
  1151.0 0.038
  1152.0 0.135
  1153.0 0.065
  1154.0 0.101
  1155.0 0.158
  1156.0 0.084
  1157.0 0.095
  1158.0 0.071
  1159.0 0.113
  1160.0 0.081
  1161.0 0.104
  1162.0 0.088
  1163.0 0.119
  1164.0 0.117
  1165.0 0.129
  1166.0 0.059
  1167.0 0.113
  1168.0 0.109
  1169.0 0.093
  1170.0 0.239
  1171.0 0.084
  1172.0 0.177
  1173.0 0.134
  1174.0 0.107
  1175.0 0.099
  1176.0 0.136
  1177.0 0.111
  1178.0 0.151
  1179.0 0.146
  1180.0 0.118
  1181.0 0.104
  1182.0 0.111
  1183.0 0.083
  1184.0 0.107
  1185.0 0.084
  1186.0 0.080
  1187.0 0.186
  1188.0 0.115
  1189.0 0.108
  1190.0 0.185
  1191.0 0.159
  1192.0 0.114
  1193.0 0.106
  1194.0 0.116
  1195.0 0.135
  1196.0 0.222
  1197.0 0.219
  1198.0 0.138
  1199.0 0.130
  1200.0 0.238
  1201.0 0.152
  1202.0 0.125
  1203.0 0.138
  1204.0 0.138
  1205.0 0.128
  1206.0 0.114
  1207.0 0.103
  1208.0 0.219
  1209.0 0.070
  1210.0 0.127
  1211.0 0.109
  1212.0 0.073
  1213.0 0.180
  1214.0 0.076
  1215.0 0.078
  1216.0 0.102
  1217.0 0.191
  1218.0 0.136
  1219.0 0.112
  1220.0 0.112
  1221.0 0.087
  1222.0 0.179
  1223.0 0.065
  1224.0 0.135
  1225.0 0.111
  1226.0 0.130
  1227.0 0.130
  1228.0 0.132
  1229.0 0.102
  1230.0 0.145
  1231.0 0.048
  1232.0 0.121
  1233.0 0.133
  1234.0 0.134
  1235.0 0.115
  1236.0 0.157
  1237.0 0.092
  1238.0 0.069
  1239.0 0.123
  1240.0 0.144
  1241.0 0.057
  1242.0 0.129
  1243.0 0.169
  1244.0 0.148
  1245.0 0.077
  1246.0 0.146
  1247.0 0.165
  1248.0 0.087
  1249.0 0.213
  1250.0 0.107
  1251.0 0.129
  1252.0 0.097
  1253.0 0.208
  1254.0 0.188
  1255.0 0.154
  1256.0 0.165
  1257.0 0.145
  1258.0 0.080
  1259.0 0.115
  1260.0 0.103
  1261.0 0.080
  1262.0 0.091
  1263.0 0.112
  1264.0 0.087
  1265.0 0.098
  1266.0 0.167
  1267.0 0.100
  1268.0 0.101
  1269.0 0.032
  1270.0 0.159
  1271.0 0.162
  1272.0 0.114
  1273.0 0.165
  1274.0 0.137
  1275.0 0.115
  1276.0 0.114
  1277.0 0.132
  1278.0 0.241
  1279.0 0.107
  1280.0 0.179
  1281.0 0.163
  1282.0 0.116
  1283.0 0.291
  1284.0 0.094
  1285.0 0.137
  1286.0 0.149
  1287.0 0.132
  1288.0 0.132
  1289.0 0.194
  1290.0 0.114
  1291.0 0.108
  1292.0 0.200
  1293.0 0.148
  1294.0 0.185
  1295.0 0.144
  1296.0 0.167
  1297.0 0.163
  1298.0 0.118
  1299.0 0.241
  1300.0 0.135
  1301.0 0.126
  1302.0 0.230
  1303.0 0.139
  1304.0 0.072
  1305.0 0.107
  1306.0 0.200
  1307.0 0.133
  1308.0 0.190
  1309.0 0.199
  1310.0 0.165
  1311.0 0.115
  1312.0 0.144
  1313.0 0.134
  1314.0 0.171
  1315.0 0.037
  1316.0 0.079
  1317.0 0.098
  1318.0 0.091
  1319.0 0.216
  1320.0 0.080
  1321.0 0.069
  1322.0 0.117
  1323.0 0.205
  1324.0 0.104
  1325.0 0.107
  1326.0 0.217
  1327.0 0.094
  1328.0 0.117
  1329.0 0.198
  1330.0 0.125
  1331.0 0.113
  1332.0 0.144
  1333.0 0.227
  1334.0 0.116
  1335.0 0.220
  1336.0 0.135
  1337.0 0.075
  1338.0 0.152
  1339.0 0.085
  1340.0 0.102
  1341.0 0.189
  1342.0 0.209
  1343.0 0.083
  1344.0 0.091
  1345.0 0.274
  1346.0 0.272
  1347.0 0.141
  1348.0 0.194
  1349.0 0.181
  1350.0 0.068
  1351.0 0.183
  1352.0 0.109
  1353.0 0.087
  1354.0 0.173
  1355.0 0.155
  1356.0 0.143
  1357.0 0.205
  1358.0 0.144
  1359.0 0.100
  1360.0 0.130
  1361.0 0.175
  1362.0 0.229
  1363.0 0.266
  1364.0 0.335
  1365.0 0.122
  1366.0 0.138
  1367.0 0.141
  1368.0 0.094
  1369.0 0.151
  1370.0 0.093
  1371.0 0.262
  1372.0 0.168
  1373.0 0.225
  1374.0 0.118
  1375.0 0.193
  1376.0 0.088
  1377.0 0.322
  1378.0 0.143
  1379.0 0.097
  1380.0 0.103
  1381.0 0.138
  1382.0 0.189
  1383.0 0.221
  1384.0 0.089
  1385.0 0.287
  1386.0 0.260
  1387.0 0.223
  1388.0 0.122
  1389.0 0.083
  1390.0 0.152
  1391.0 0.080
  1392.0 0.171
  1393.0 0.113
  1394.0 0.052
  1395.0 0.120
  1396.0 0.060
  1397.0 0.391
  1398.0 0.205
  1399.0 0.171
  1400.0 0.285
  1401.0 0.182
  1402.0 0.374
  1403.0 0.198
  1404.0 0.138
  1405.0 0.170
  1406.0 0.129
  1407.0 0.282
  1408.0 0.128
  1409.0 0.207
  1410.0 0.231
  1411.0 0.173
  1412.0 0.162
  1413.0 0.278
  1414.0 0.150
  1415.0 0.115
  1416.0 0.220
  1417.0 0.145
  1418.0 0.297
  1419.0 0.064
  1420.0 0.125
  1421.0 0.266
  1422.0 0.046
  1423.0 0.213
  1424.0 0.053
  1425.0 0.089
  1426.0 0.254
  1427.0 0.086
  1428.0 0.310
  1429.0 0.206
  1430.0 0.235
  1431.0 0.135
  1432.0 0.177
  1433.0 0.072
  1434.0 0.237
  1435.0 0.205
  1436.0 0.050
  1437.0 0.174
  1438.0 0.138
  1439.0 0.181
  1440.0 0.181
  1441.0 0.070
  1442.0 0.211
  1443.0 0.102
  1444.0 0.156
  1445.0 0.046
  1446.0 0.172
  1447.0 0.202
  1448.0 0.211
  1449.0 0.000
  1450.0 0.143
  1451.0 0.148
  1452.0 0.110
  1453.0 0.108
  1454.0 0.094
  1455.0 0.051
  1456.0 0.109
  1457.0 0.292
  1458.0 0.039
  1459.0 0.025
  1460.0 0.180
  1461.0 0.171
  1462.0 0.006
  1463.0 0.275
  1464.0 0.081
  1465.0 0.080
  1466.0 0.301
  1467.0 0.013
  1468.0 0.094
  1469.0 3.533
  1470.0 0.122
  1471.0 0.193
  1472.0 0.465
  1473.0 0.000
  1474.0 0.052
  1475.0 0.091
  1476.0 0.196
  1477.0 0.000
  1478.0 0.000
  1479.0 0.187
  1480.0 0.264
  1481.0 0.536
  1482.0 0.162
  1483.0 0.068
  1484.0 0.062
  1485.0 0.013
  1486.0 0.000
  1487.0 0.120
  1488.0 0.249
  1489.0 0.352
  1490.0 0.158
  1491.0 0.889
  1492.0 0.353
  1493.0 0.136
  1494.0 0.291
  1495.0 0.036
  1496.0 0.196
  1497.0 0.152
  1498.0 0.087
  1499.0 0.119
  1500.0 0.000
  1501.0 0.178
  1502.0 0.013
  1503.0 0.033
  1504.0 0.160
  1505.0 0.014
  1506.0 0.238
  1507.0 0.182
  1508.0 0.000
  1509.0 0.034
  1510.0 0.464
  1511.0 0.000
  1512.0 0.065
  1513.0 0.000
  1514.0 0.087
  1515.0 0.106
  1516.0 0.000
  1517.0 0.000
  1518.0 0.000
  1519.0 0.000
  1520.0 1.125
  1521.0 0.000
  1522.0 0.150
  1523.0 0.428
  1524.0 0.000
  1525.0 0.047
  1526.0 0.123
  1527.0 0.000
  1528.0 0.000
  1529.0 0.069
  1530.0 0.132
  1531.0 0.000
  1532.0 0.247
  1533.0 0.000
  1534.0 0.000
  1535.0 0.000
  1536.0 0.000
  1537.0 0.392
  1538.0 0.000
  1539.0 0.153
  1540.0 0.012
  1541.0 0.000
  1542.0 0.201
  1543.0 0.028
  1544.0 0.072
  1545.0 0.004
  1546.0 0.000
  1547.0 0.000
  1548.0 0.226
  1549.0 0.000
  1550.0 0.000
  1551.0 0.124
  1552.0 0.029
  1553.0 0.125
  1554.0 0.000
  1555.0 0.000
  1556.0 0.000
  1557.0 0.000
  1558.0 0.000
  1559.0 0.000
  1560.0 0.000
  1561.0 0.000
  1562.0 0.307
  1563.0 0.000
  1564.0 0.000
  1565.0 0.108
  1566.0 0.000
  1567.0 0.000
  1568.0 0.109
  1569.0 0.112
  1570.0 0.000
  1571.0 0.000
  1572.0 0.000
  1573.0 0.000
  1574.0 0.082
  1575.0 0.059
  1576.0 0.000
  1577.0 0.000
  1578.0 0.000
  1579.0 0.242
  1580.0 0.000
  1581.0 0.000
  1582.0 0.000
  1583.0 0.000
  1584.0 0.000
  1585.0 0.120
  1586.0 0.000
  1587.0 0.520
  1588.0 0.000
  1589.0 0.000
  1590.0 0.000
  1591.0 0.046
  1592.0 0.057
  1593.0 0.098
  1594.0 0.000
  1595.0 0.000
  1596.0 0.000
  1597.0 0.000
  1598.0 0.105
  1599.0 0.000
  1600.0 0.000
  1601.0 0.000
  1602.0 0.000
  1603.0 0.175
  1604.0 0.000
  1605.0 0.000
  1606.0 0.000
  1607.0 0.000
  1608.0 0.000
  1609.0 0.000
  1610.0 0.000
  1611.0 0.000
  1612.0 0.000
  1613.0 0.000
  1614.0 0.000
  1615.0 0.000
  1616.0 0.000
  1617.0 0.000
  1618.0 0.000
  1619.0 0.000
  1620.0 0.000
  1621.0 0.000
  1622.0 0.160
  1623.0 0.149
  1624.0 0.000
  1625.0 0.000
  1626.0 0.000
  1627.0 0.000
  1628.0 0.000
  1629.0 0.000
  1630.0 0.000
  1631.0 0.166
  1632.0 0.000
  1633.0 0.000
  1634.0 0.000
  1635.0 0.000
  1636.0 0.000
  1637.0 0.000
  1638.0 0.000
  1639.0 0.114
  1640.0 0.258
  1641.0 0.000
  1642.0 0.000
  1643.0 0.176
  1644.0 0.000
  1645.0 0.000
  1646.0 0.000
  1647.0 0.000
  1648.0 0.000
  1649.0 0.173
  1650.0 0.000
  1651.0 0.000
  1652.0 0.000
  1653.0 0.061
  1654.0 0.000
  1655.0 0.201
  1656.0 0.000
  1657.0 0.000
  1658.0 0.000
  1659.0 0.000
  1660.0 0.000
  1661.0 0.000
  1662.0 0.045
  1663.0 0.000
  1664.0 0.000
  1665.0 0.000
  1666.0 0.000
  1667.0 0.000
  1668.0 0.000
  1669.0 0.199
  1670.0 0.000
  1671.0 0.272
  1672.0 0.000
  1673.0 0.342
  1674.0 0.238
  1675.0 0.000
  1676.0 0.000
  1677.0 0.096
  1678.0 0.000
  1679.0 0.000
  1680.0 0.000
  1681.0 0.000
  1682.0 0.000
  1683.0 0.000
  1684.0 0.352
  1685.0 0.000
  1686.0 0.000
  1687.0 0.000
  1688.0 0.000
  1689.0 0.567
  1690.0 0.000
  1691.0 0.000
  1692.0 0.000
  1693.0 0.000
  1694.0 0.000
  1695.0 0.000
  1696.0 0.000
  1697.0 0.000
  1698.0 0.000
  1699.0 0.000
  1700.0 0.897
  1701.0 0.000
  1702.0 0.000
  1703.0 0.000
  1704.0 0.000
  1705.0 0.000
  1706.0 0.000
  1707.0 0.312
  1708.0 0.251
  1709.0 0.000
  1710.0 0.000
  1711.0 0.000
  1712.0 0.000
  1713.0 0.000
  1714.0 0.000
  1715.0 0.000
  1716.0 0.000
  1717.0 0.000
  1718.0 0.000
  1719.0 0.000
  1720.0 0.000
  1721.0 0.000
  1722.0 0.000
  1723.0 0.000
  1724.0 0.000
  1725.0 0.000
  1726.0 0.000
  1727.0 0.000
  1728.0 0.000
  1729.0 0.000
  1730.0 0.000
  1731.0 0.000
  1732.0 0.000
  1733.0 0.427
  1734.0 0.000
  1735.0 0.000
  1736.0 0.000
  1737.0 0.000
  1738.0 0.000
  1739.0 0.000
  1740.0 0.000
  1741.0 0.000
  1742.0 0.000
  1743.0 0.000
  1744.0 0.000
  1745.0 0.018
  1746.0 0.000
  1747.0 3.647
  1748.0 0.000
  1749.0 0.000
  1750.0 0.000
  1751.0 0.000
  1752.0 0.000
  1753.0 0.000
  1754.0 0.000
  1755.0 0.000
  1756.0 0.000
  1757.0 0.000
  1758.0 0.000
  1759.0 0.000
  1760.0 0.000
  1761.0 0.000
  1762.0 0.000
  1763.0 0.000
  1764.0 0.000
  1765.0 0.000
  1766.0 0.000
  1767.0 0.000
  1768.0 0.000
  1769.0 0.000
  1770.0 0.000
  1771.0 0.000
  1772.0 0.000
  1773.0 0.000
  1774.0 0.000
  1775.0 0.000
  1776.0 0.000
  1777.0 0.000
  1778.0 0.000
  1779.0 0.000
  1780.0 0.000
  1781.0 0.000
  1782.0 0.000
  1783.0 0.000
  1784.0 0.000
  1785.0 0.000
  1786.0 0.000
  1787.0 0.000
  1788.0 0.000
  1789.0 0.000
  1790.0 0.000
  1791.0 0.000
  1792.0 0.000
  1793.0 0.000
  1794.0 0.000
  1795.0 0.000
  1796.0 0.000
  1797.0 0.000
  1798.0 0.000
