     0.0 0.000 0.000 0.000 0.000
     1.0 0.001 0.001 0.001 0.000
     2.0 0.001 0.002 0.003 0.000
     3.0 0.002 0.003 0.005 0.000
     4.0 0.003 0.004 0.007 0.000
     5.0 0.005 0.005 0.009 0.000
     6.0 0.006 0.006 0.011 0.000
     7.0 0.006 0.007 0.013 0.000
     8.0 0.007 0.007 0.014 0.000
     9.0 0.008 0.008 0.016 0.000
    10.0 0.009 0.009 0.018 0.000
    11.0 0.010 0.010 0.019 0.000
    12.0 0.011 0.010 0.021 0.000
    13.0 0.012 0.011 0.023 0.000
    14.0 0.013 0.012 0.024 0.000
    15.0 0.013 0.013 0.026 0.000
    16.0 0.014 0.013 0.027 0.000
    17.0 0.015 0.014 0.029 0.000
    18.0 0.016 0.015 0.031 0.000
    19.0 0.017 0.017 0.033 0.000
    20.0 0.018 0.017 0.035 0.000
    21.0 0.019 0.018 0.037 0.000
    22.0 0.020 0.020 0.039 0.001
    23.0 0.021 0.021 0.042 0.001
    24.0 0.022 0.022 0.043 0.001
    25.0 0.023 0.022 0.045 0.001
    26.0 0.023 0.023 0.046 0.001
    27.0 0.025 0.024 0.048 0.001
    28.0 0.025 0.025 0.050 0.001
    29.0 0.027 0.026 0.052 0.001
    30.0 0.028 0.026 0.054 0.001
    31.0 0.029 0.027 0.056 0.001
    32.0 0.030 0.029 0.058 0.001
    33.0 0.032 0.029 0.060 0.001
    34.0 0.032 0.030 0.062 0.001
    35.0 0.033 0.031 0.063 0.001
    36.0 0.034 0.032 0.065 0.001
    37.0 0.035 0.032 0.067 0.001
    38.0 0.036 0.033 0.068 0.001
    39.0 0.037 0.034 0.071 0.001
    40.0 0.038 0.036 0.073 0.001
    41.0 0.040 0.037 0.075 0.001
    42.0 0.040 0.038 0.077 0.001
    43.0 0.042 0.039 0.079 0.001
    44.0 0.042 0.040 0.081 0.001
    45.0 0.043 0.041 0.083 0.001
    46.0 0.045 0.041 0.085 0.001
    47.0 0.046 0.042 0.087 0.001
    48.0 0.047 0.043 0.088 0.001
    49.0 0.048 0.044 0.090 0.002
    50.0 0.049 0.045 0.092 0.002
    51.0 0.050 0.045 0.094 0.002
    52.0 0.051 0.046 0.096 0.002
    53.0 0.053 0.047 0.098 0.002
    54.0 0.053 0.048 0.100 0.002
    55.0 0.055 0.049 0.102 0.002
    56.0 0.056 0.050 0.104 0.002
    57.0 0.057 0.051 0.106 0.002
    58.0 0.058 0.052 0.107 0.002
    59.0 0.059 0.053 0.109 0.002
    60.0 0.060 0.053 0.110 0.003
    61.0 0.060 0.055 0.112 0.003
    62.0 0.061 0.056 0.114 0.003
    63.0 0.063 0.057 0.117 0.003
    64.0 0.064 0.057 0.118 0.003
    65.0 0.065 0.058 0.120 0.003
    66.0 0.067 0.059 0.122 0.004
    67.0 0.067 0.060 0.124 0.004
    68.0 0.069 0.061 0.126 0.004
    69.0 0.070 0.062 0.128 0.004
    70.0 0.070 0.063 0.130 0.004
    71.0 0.071 0.064 0.131 0.004
    72.0 0.072 0.065 0.133 0.004
    73.0 0.073 0.065 0.134 0.005
    74.0 0.074 0.066 0.136 0.005
    75.0 0.075 0.068 0.138 0.005
    76.0 0.076 0.069 0.140 0.005
    77.0 0.078 0.070 0.142 0.005
    78.0 0.079 0.071 0.144 0.006
    79.0 0.080 0.072 0.146 0.006
    80.0 0.081 0.073 0.148 0.006
    81.0 0.082 0.073 0.149 0.006
    82.0 0.083 0.074 0.150 0.007
    83.0 0.085 0.074 0.152 0.007
    84.0 0.086 0.075 0.154 0.007
    85.0 0.086 0.077 0.155 0.008
    86.0 0.087 0.077 0.157 0.008
    87.0 0.089 0.078 0.159 0.008
    88.0 0.090 0.079 0.161 0.008
    89.0 0.091 0.080 0.162 0.008
    90.0 0.092 0.081 0.164 0.009
    91.0 0.093 0.081 0.166 0.009
    92.0 0.095 0.082 0.168 0.009
    93.0 0.096 0.083 0.169 0.010
    94.0 0.097 0.084 0.170 0.010
    95.0 0.098 0.085 0.172 0.011
    96.0 0.099 0.086 0.173 0.011
    97.0 0.100 0.087 0.175 0.011
    98.0 0.101 0.087 0.177 0.011
    99.0 0.102 0.088 0.178 0.012
   100.0 0.103 0.089 0.180 0.013
   101.0 0.105 0.090 0.182 0.013
   102.0 0.106 0.090 0.183 0.014
   103.0 0.107 0.091 0.184 0.014
   104.0 0.109 0.092 0.186 0.014
   105.0 0.110 0.092 0.187 0.015
   106.0 0.110 0.093 0.188 0.015
   107.0 0.112 0.094 0.190 0.016
   108.0 0.113 0.095 0.192 0.016
   109.0 0.115 0.096 0.194 0.017
   110.0 0.115 0.097 0.195 0.017
   111.0 0.117 0.098 0.197 0.018
   112.0 0.118 0.098 0.198 0.019
   113.0 0.119 0.099 0.199 0.020
   114.0 0.121 0.100 0.201 0.020
   115.0 0.122 0.101 0.202 0.021
   116.0 0.123 0.102 0.204 0.021
   117.0 0.125 0.103 0.205 0.022
   118.0 0.126 0.104 0.207 0.023
   119.0 0.127 0.104 0.208 0.023
   120.0 0.128 0.105 0.209 0.023
   121.0 0.129 0.105 0.211 0.024
   122.0 0.131 0.106 0.212 0.024
   123.0 0.132 0.107 0.214 0.025
   124.0 0.133 0.108 0.215 0.025
   125.0 0.134 0.109 0.217 0.026
   126.0 0.135 0.110 0.219 0.026
   127.0 0.136 0.111 0.220 0.027
   128.0 0.138 0.111 0.222 0.027
   129.0 0.139 0.111 0.223 0.028
   130.0 0.140 0.112 0.224 0.028
   131.0 0.142 0.113 0.226 0.029
   132.0 0.143 0.114 0.227 0.030
   133.0 0.144 0.115 0.229 0.030
   134.0 0.145 0.116 0.230 0.031
   135.0 0.146 0.116 0.232 0.031
   136.0 0.147 0.118 0.233 0.032
   137.0 0.148 0.119 0.235 0.032
   138.0 0.150 0.120 0.237 0.033
   139.0 0.151 0.121 0.239 0.034
   140.0 0.153 0.122 0.240 0.034
   141.0 0.154 0.122 0.241 0.035
   142.0 0.155 0.123 0.242 0.035
   143.0 0.156 0.124 0.244 0.036
   144.0 0.158 0.124 0.245 0.037
   145.0 0.159 0.124 0.246 0.038
   146.0 0.160 0.125 0.247 0.038
   147.0 0.161 0.126 0.248 0.039
   148.0 0.163 0.127 0.250 0.040
   149.0 0.165 0.128 0.252 0.041
   150.0 0.166 0.129 0.254 0.041
   151.0 0.168 0.129 0.255 0.042
   152.0 0.169 0.130 0.256 0.043
   153.0 0.171 0.131 0.258 0.044
   154.0 0.172 0.132 0.259 0.044
   155.0 0.173 0.133 0.261 0.045
   156.0 0.174 0.134 0.262 0.046
   157.0 0.175 0.135 0.264 0.046
   158.0 0.176 0.135 0.265 0.047
   159.0 0.178 0.136 0.265 0.048
   160.0 0.179 0.136 0.267 0.049
   161.0 0.180 0.137 0.268 0.049
   162.0 0.181 0.137 0.268 0.050
   163.0 0.182 0.138 0.269 0.051
   164.0 0.184 0.139 0.271 0.052
   165.0 0.186 0.139 0.272 0.053
   166.0 0.187 0.140 0.274 0.053
   167.0 0.189 0.140 0.275 0.055
   168.0 0.190 0.141 0.275 0.056
   169.0 0.191 0.142 0.277 0.056
   170.0 0.192 0.143 0.278 0.057
   171.0 0.194 0.144 0.279 0.058
   172.0 0.195 0.144 0.280 0.059
   173.0 0.196 0.145 0.281 0.059
   174.0 0.197 0.145 0.282 0.060
   175.0 0.198 0.147 0.284 0.061
   176.0 0.199 0.147 0.285 0.061
   177.0 0.200 0.148 0.286 0.062
   178.0 0.201 0.149 0.287 0.062
   179.0 0.202 0.149 0.288 0.063
   180.0 0.204 0.150 0.290 0.064
   181.0 0.206 0.151 0.291 0.065
   182.0 0.207 0.152 0.292 0.066
   183.0 0.208 0.152 0.293 0.067
   184.0 0.210 0.153 0.294 0.068
   185.0 0.211 0.153 0.295 0.069
   186.0 0.212 0.153 0.296 0.069
   187.0 0.213 0.154 0.297 0.070
   188.0 0.214 0.154 0.298 0.071
   189.0 0.216 0.155 0.299 0.072
   190.0 0.217 0.155 0.300 0.073
   191.0 0.218 0.156 0.300 0.074
   192.0 0.219 0.156 0.301 0.074
   193.0 0.220 0.157 0.302 0.075
   194.0 0.222 0.157 0.303 0.076
   195.0 0.224 0.158 0.304 0.078
   196.0 0.226 0.159 0.305 0.079
   197.0 0.228 0.159 0.306 0.080
   198.0 0.230 0.160 0.308 0.081
   199.0 0.231 0.160 0.309 0.082
   200.0 0.232 0.160 0.310 0.083
   201.0 0.233 0.161 0.310 0.083
   202.0 0.234 0.161 0.311 0.084
   203.0 0.236 0.162 0.312 0.086
   204.0 0.237 0.162 0.313 0.086
   205.0 0.238 0.163 0.314 0.087
   206.0 0.240 0.163 0.315 0.088
   207.0 0.241 0.164 0.316 0.089
   208.0 0.243 0.164 0.316 0.090
   209.0 0.244 0.164 0.317 0.091
   210.0 0.245 0.165 0.319 0.092
   211.0 0.248 0.165 0.320 0.093
   212.0 0.250 0.166 0.321 0.094
   213.0 0.250 0.166 0.321 0.095
   214.0 0.251 0.167 0.322 0.096
   215.0 0.252 0.167 0.323 0.096
   216.0 0.253 0.167 0.323 0.097
   217.0 0.254 0.167 0.324 0.098
   218.0 0.256 0.168 0.325 0.100
   219.0 0.258 0.168 0.326 0.101
   220.0 0.259 0.169 0.326 0.102
   221.0 0.261 0.169 0.327 0.103
   222.0 0.262 0.169 0.327 0.104
   223.0 0.263 0.169 0.328 0.104
   224.0 0.264 0.170 0.328 0.105
   225.0 0.265 0.170 0.329 0.106
   226.0 0.267 0.170 0.330 0.107
   227.0 0.268 0.170 0.331 0.108
   228.0 0.270 0.171 0.331 0.109
   229.0 0.271 0.171 0.332 0.110
   230.0 0.272 0.171 0.333 0.110
   231.0 0.273 0.171 0.333 0.111
   232.0 0.274 0.172 0.334 0.112
   233.0 0.275 0.172 0.335 0.113
   234.0 0.277 0.172 0.336 0.114
   235.0 0.279 0.173 0.337 0.114
   236.0 0.281 0.173 0.338 0.116
   237.0 0.281 0.173 0.339 0.116
   238.0 0.282 0.173 0.339 0.116
   239.0 0.283 0.174 0.339 0.117
   240.0 0.284 0.174 0.340 0.118
   241.0 0.286 0.174 0.340 0.120
   242.0 0.287 0.174 0.341 0.120
   243.0 0.288 0.174 0.341 0.121
   244.0 0.289 0.174 0.342 0.121
   245.0 0.289 0.175 0.342 0.122
   246.0 0.291 0.175 0.343 0.123
   247.0 0.292 0.175 0.343 0.124
   248.0 0.293 0.175 0.344 0.125
   249.0 0.294 0.176 0.344 0.125
   250.0 0.295 0.176 0.345 0.126
   251.0 0.296 0.176 0.345 0.127
   252.0 0.297 0.176 0.346 0.127
   253.0 0.298 0.176 0.346 0.128
   254.0 0.299 0.176 0.347 0.129
   255.0 0.300 0.177 0.347 0.130
   256.0 0.301 0.177 0.348 0.130
   257.0 0.302 0.177 0.348 0.131
   258.0 0.303 0.177 0.349 0.131
   259.0 0.304 0.177 0.349 0.132
   260.0 0.305 0.178 0.350 0.132
   261.0 0.306 0.178 0.351 0.133
   262.0 0.307 0.178 0.351 0.134
   263.0 0.308 0.178 0.351 0.134
   264.0 0.309 0.178 0.352 0.135
   265.0 0.310 0.178 0.353 0.136
   266.0 0.311 0.178 0.353 0.136
   267.0 0.312 0.179 0.354 0.137
   268.0 0.313 0.179 0.354 0.137
   269.0 0.313 0.179 0.355 0.138
   270.0 0.314 0.179 0.355 0.138
   271.0 0.315 0.179 0.355 0.139
   272.0 0.315 0.179 0.356 0.139
   273.0 0.316 0.179 0.356 0.139
   274.0 0.317 0.179 0.357 0.140
   275.0 0.318 0.180 0.357 0.140
   276.0 0.318 0.180 0.357 0.141
   277.0 0.319 0.180 0.358 0.142
   278.0 0.320 0.180 0.358 0.142
   279.0 0.321 0.181 0.359 0.143
   280.0 0.322 0.181 0.359 0.143
   281.0 0.322 0.181 0.359 0.144
   282.0 0.323 0.181 0.360 0.144
   283.0 0.324 0.181 0.361 0.145
   284.0 0.325 0.182 0.361 0.145
   285.0 0.325 0.182 0.361 0.146
   286.0 0.326 0.182 0.362 0.146
   287.0 0.326 0.182 0.362 0.147
   288.0 0.327 0.182 0.362 0.147
   289.0 0.328 0.183 0.363 0.148
   290.0 0.328 0.183 0.363 0.148
   291.0 0.329 0.183 0.363 0.149
   292.0 0.330 0.183 0.364 0.149
   293.0 0.331 0.184 0.364 0.150
   294.0 0.332 0.184 0.365 0.150
   295.0 0.332 0.184 0.365 0.151
   296.0 0.333 0.184 0.366 0.151
   297.0 0.334 0.184 0.366 0.152
   298.0 0.334 0.184 0.367 0.152
   299.0 0.335 0.185 0.367 0.153
   300.0 0.336 0.185 0.367 0.153
   301.0 0.336 0.185 0.368 0.153
   302.0 0.337 0.185 0.368 0.154
   303.0 0.337 0.185 0.368 0.154
   304.0 0.338 0.186 0.369 0.154
   305.0 0.338 0.186 0.369 0.155
   306.0 0.338 0.186 0.369 0.155
   307.0 0.338 0.186 0.369 0.155
   308.0 0.339 0.186 0.369 0.156
   309.0 0.339 0.187 0.370 0.156
   310.0 0.340 0.187 0.370 0.157
   311.0 0.340 0.187 0.370 0.157
   312.0 0.341 0.187 0.371 0.157
   313.0 0.342 0.187 0.371 0.158
   314.0 0.342 0.187 0.372 0.158
   315.0 0.343 0.187 0.372 0.158
   316.0 0.344 0.188 0.373 0.159
   317.0 0.344 0.188 0.373 0.159
   318.0 0.345 0.188 0.374 0.159
   319.0 0.346 0.188 0.374 0.160
   320.0 0.347 0.188 0.375 0.160
   321.0 0.347 0.189 0.375 0.160
   322.0 0.348 0.189 0.376 0.161
   323.0 0.348 0.189 0.376 0.161
   324.0 0.348 0.189 0.376 0.161
   325.0 0.349 0.189 0.376 0.162
   326.0 0.349 0.190 0.377 0.162
   327.0 0.349 0.190 0.377 0.162
   328.0 0.350 0.190 0.377 0.163
   329.0 0.351 0.190 0.378 0.163
   330.0 0.351 0.190 0.378 0.163
   331.0 0.351 0.190 0.378 0.163
   332.0 0.352 0.191 0.379 0.164
   333.0 0.352 0.191 0.379 0.164
   334.0 0.353 0.191 0.380 0.165
   335.0 0.353 0.192 0.380 0.165
   336.0 0.354 0.192 0.380 0.165
   337.0 0.354 0.192 0.380 0.165
   338.0 0.355 0.192 0.381 0.166
   339.0 0.355 0.192 0.381 0.166
   340.0 0.356 0.193 0.382 0.167
   341.0 0.357 0.193 0.383 0.167
   342.0 0.358 0.193 0.384 0.168
   343.0 0.359 0.194 0.384 0.168
   344.0 0.359 0.194 0.384 0.168
   345.0 0.359 0.194 0.385 0.169
   346.0 0.360 0.195 0.385 0.169
   347.0 0.360 0.195 0.385 0.169
   348.0 0.361 0.195 0.386 0.170
   349.0 0.362 0.195 0.386 0.171
   350.0 0.362 0.195 0.387 0.171
   351.0 0.363 0.195 0.387 0.171
   352.0 0.363 0.195 0.387 0.172
   353.0 0.364 0.196 0.388 0.172
   354.0 0.365 0.196 0.388 0.172
   355.0 0.365 0.196 0.389 0.173
   356.0 0.366 0.197 0.390 0.173
   357.0 0.366 0.197 0.390 0.173
   358.0 0.367 0.197 0.391 0.174
   359.0 0.368 0.198 0.391 0.174
   360.0 0.368 0.198 0.392 0.175
   361.0 0.369 0.198 0.392 0.175
   362.0 0.369 0.198 0.392 0.175
   363.0 0.369 0.199 0.393 0.176
   364.0 0.370 0.199 0.393 0.176
   365.0 0.370 0.199 0.393 0.176
   366.0 0.371 0.199 0.394 0.176
   367.0 0.371 0.200 0.394 0.177
   368.0 0.372 0.200 0.394 0.178
   369.0 0.372 0.201 0.394 0.178
   370.0 0.373 0.201 0.395 0.179
   371.0 0.373 0.201 0.395 0.179
   372.0 0.374 0.201 0.396 0.179
   373.0 0.375 0.201 0.397 0.180
   374.0 0.375 0.202 0.397 0.180
   375.0 0.376 0.202 0.398 0.180
   376.0 0.377 0.202 0.399 0.180
   377.0 0.377 0.202 0.399 0.181
   378.0 0.378 0.202 0.399 0.181
   379.0 0.378 0.203 0.400 0.181
   380.0 0.379 0.203 0.400 0.182
   381.0 0.380 0.204 0.401 0.182
   382.0 0.380 0.204 0.402 0.183
   383.0 0.381 0.204 0.402 0.183
   384.0 0.381 0.204 0.403 0.183
   385.0 0.382 0.205 0.403 0.184
   386.0 0.383 0.205 0.404 0.184
   387.0 0.384 0.206 0.405 0.185
   388.0 0.384 0.206 0.405 0.185
   389.0 0.385 0.207 0.406 0.186
   390.0 0.385 0.207 0.406 0.186
   391.0 0.385 0.207 0.406 0.186
   392.0 0.386 0.208 0.407 0.187
   393.0 0.387 0.208 0.408 0.187
   394.0 0.387 0.208 0.408 0.187
   395.0 0.388 0.209 0.409 0.187
   396.0 0.388 0.209 0.410 0.188
   397.0 0.388 0.210 0.410 0.188
   398.0 0.389 0.210 0.411 0.189
   399.0 0.390 0.211 0.411 0.189
   400.0 0.390 0.211 0.412 0.189
   401.0 0.391 0.211 0.412 0.190
   402.0 0.392 0.211 0.413 0.190
   403.0 0.392 0.212 0.413 0.191
   404.0 0.393 0.212 0.414 0.191
   405.0 0.394 0.213 0.415 0.192
   406.0 0.394 0.213 0.415 0.192
   407.0 0.395 0.213 0.416 0.192
   408.0 0.395 0.214 0.416 0.193
   409.0 0.396 0.214 0.417 0.193
   410.0 0.396 0.215 0.417 0.193
   411.0 0.397 0.215 0.418 0.193
   412.0 0.397 0.216 0.419 0.194
   413.0 0.398 0.216 0.420 0.195
   414.0 0.399 0.217 0.421 0.196
   415.0 0.400 0.217 0.421 0.196
   416.0 0.400 0.218 0.421 0.196
   417.0 0.401 0.218 0.422 0.197
   418.0 0.401 0.218 0.422 0.197
   419.0 0.402 0.219 0.423 0.198
   420.0 0.403 0.219 0.424 0.198
   421.0 0.403 0.219 0.424 0.198
   422.0 0.404 0.220 0.425 0.199
   423.0 0.404 0.220 0.425 0.199
   424.0 0.405 0.220 0.426 0.199
   425.0 0.405 0.221 0.426 0.199
   426.0 0.406 0.221 0.427 0.200
   427.0 0.407 0.222 0.428 0.201
   428.0 0.407 0.222 0.428 0.201
   429.0 0.408 0.223 0.429 0.202
   430.0 0.408 0.223 0.429 0.202
   431.0 0.408 0.224 0.430 0.203
   432.0 0.409 0.224 0.431 0.203
   433.0 0.410 0.225 0.431 0.204
   434.0 0.411 0.226 0.432 0.205
   435.0 0.411 0.227 0.432 0.205
   436.0 0.412 0.227 0.433 0.206
   437.0 0.412 0.227 0.434 0.206
   438.0 0.413 0.228 0.434 0.206
   439.0 0.413 0.229 0.435 0.207
   440.0 0.414 0.229 0.436 0.207
   441.0 0.415 0.229 0.437 0.208
   442.0 0.416 0.230 0.437 0.208
   443.0 0.417 0.230 0.438 0.209
   444.0 0.417 0.231 0.439 0.209
   445.0 0.418 0.231 0.439 0.209
   446.0 0.419 0.231 0.440 0.210
   447.0 0.419 0.232 0.441 0.211
   448.0 0.420 0.233 0.442 0.211
   449.0 0.421 0.234 0.442 0.212
   450.0 0.421 0.234 0.443 0.213
   451.0 0.422 0.235 0.444 0.213
   452.0 0.423 0.235 0.445 0.213
   453.0 0.424 0.236 0.446 0.214
   454.0 0.424 0.237 0.446 0.214
   455.0 0.425 0.237 0.447 0.215
   456.0 0.426 0.238 0.449 0.215
   457.0 0.427 0.238 0.449 0.216
   458.0 0.427 0.239 0.450 0.216
   459.0 0.428 0.239 0.450 0.217
   460.0 0.429 0.240 0.451 0.217
   461.0 0.429 0.240 0.452 0.218
   462.0 0.430 0.241 0.453 0.218
   463.0 0.431 0.242 0.453 0.219
   464.0 0.431 0.243 0.454 0.220
   465.0 0.432 0.243 0.455 0.220
   466.0 0.432 0.244 0.455 0.221
   467.0 0.432 0.245 0.455 0.222
   468.0 0.433 0.245 0.456 0.222
   469.0 0.434 0.245 0.457 0.222
   470.0 0.435 0.246 0.458 0.223
   471.0 0.436 0.247 0.459 0.224
   472.0 0.437 0.247 0.460 0.224
   473.0 0.437 0.248 0.461 0.224
   474.0 0.438 0.248 0.461 0.225
   475.0 0.438 0.249 0.462 0.225
   476.0 0.439 0.249 0.463 0.226
   477.0 0.440 0.250 0.464 0.226
   478.0 0.441 0.250 0.464 0.227
   479.0 0.442 0.251 0.466 0.228
   480.0 0.442 0.252 0.466 0.228
   481.0 0.444 0.252 0.468 0.229
   482.0 0.444 0.253 0.468 0.229
   483.0 0.445 0.254 0.469 0.230
   484.0 0.446 0.254 0.470 0.231
   485.0 0.447 0.256 0.471 0.232
   486.0 0.448 0.256 0.472 0.232
   487.0 0.448 0.256 0.472 0.233
   488.0 0.449 0.257 0.473 0.234
   489.0 0.450 0.258 0.474 0.234
   490.0 0.451 0.259 0.475 0.235
   491.0 0.452 0.259 0.475 0.236
   492.0 0.453 0.260 0.477 0.236
   493.0 0.454 0.261 0.478 0.237
   494.0 0.455 0.262 0.479 0.238
   495.0 0.456 0.263 0.480 0.239
   496.0 0.457 0.264 0.481 0.240
   497.0 0.457 0.264 0.482 0.240
   498.0 0.458 0.265 0.482 0.241
   499.0 0.459 0.265 0.483 0.241
   500.0 0.459 0.266 0.484 0.241
   501.0 0.460 0.267 0.485 0.243
   502.0 0.461 0.268 0.486 0.243
   503.0 0.463 0.269 0.487 0.244
   504.0 0.463 0.269 0.488 0.245
   505.0 0.464 0.270 0.489 0.245
   506.0 0.465 0.271 0.489 0.246
   507.0 0.466 0.272 0.491 0.247
   508.0 0.467 0.273 0.492 0.248
   509.0 0.468 0.273 0.493 0.249
   510.0 0.469 0.274 0.494 0.249
   511.0 0.470 0.275 0.495 0.250
   512.0 0.471 0.275 0.496 0.250
   513.0 0.472 0.276 0.497 0.251
   514.0 0.473 0.277 0.498 0.252
   515.0 0.474 0.278 0.499 0.253
   516.0 0.474 0.279 0.500 0.253
   517.0 0.476 0.280 0.502 0.254
   518.0 0.477 0.281 0.503 0.255
   519.0 0.478 0.282 0.504 0.256
   520.0 0.479 0.283 0.505 0.257
   521.0 0.480 0.283 0.506 0.257
   522.0 0.481 0.284 0.507 0.258
   523.0 0.482 0.285 0.508 0.258
   524.0 0.483 0.285 0.509 0.259
   525.0 0.483 0.286 0.510 0.260
   526.0 0.484 0.287 0.511 0.261
   527.0 0.485 0.288 0.512 0.261
   528.0 0.486 0.289 0.513 0.262
   529.0 0.487 0.290 0.514 0.263
   530.0 0.489 0.291 0.515 0.264
   531.0 0.489 0.292 0.516 0.265
   532.0 0.491 0.292 0.518 0.265
   533.0 0.492 0.293 0.519 0.266
   534.0 0.493 0.294 0.520 0.266
   535.0 0.494 0.294 0.521 0.267
   536.0 0.495 0.295 0.523 0.267
   537.0 0.496 0.296 0.524 0.269
   538.0 0.497 0.297 0.525 0.269
   539.0 0.498 0.298 0.526 0.270
   540.0 0.499 0.298 0.527 0.271
   541.0 0.500 0.299 0.528 0.272
   542.0 0.501 0.300 0.529 0.272
   543.0 0.502 0.301 0.530 0.273
   544.0 0.503 0.302 0.531 0.274
   545.0 0.504 0.303 0.532 0.275
   546.0 0.505 0.304 0.533 0.275
   547.0 0.506 0.305 0.534 0.276
   548.0 0.507 0.305 0.535 0.277
   549.0 0.508 0.306 0.536 0.278
   550.0 0.509 0.307 0.538 0.279
   551.0 0.510 0.308 0.539 0.279
   552.0 0.511 0.309 0.540 0.280
   553.0 0.512 0.310 0.541 0.281
   554.0 0.513 0.310 0.542 0.282
   555.0 0.514 0.311 0.543 0.282
   556.0 0.515 0.312 0.544 0.283
   557.0 0.516 0.312 0.545 0.283
   558.0 0.517 0.313 0.546 0.285
   559.0 0.518 0.314 0.547 0.285
   560.0 0.519 0.316 0.549 0.286
   561.0 0.520 0.317 0.550 0.287
   562.0 0.521 0.318 0.551 0.287
   563.0 0.522 0.318 0.552 0.288
   564.0 0.523 0.319 0.554 0.289
   565.0 0.524 0.320 0.555 0.290
   566.0 0.526 0.321 0.556 0.291
   567.0 0.526 0.322 0.557 0.291
   568.0 0.527 0.323 0.558 0.292
   569.0 0.529 0.323 0.560 0.292
   570.0 0.529 0.324 0.560 0.293
   571.0 0.530 0.325 0.561 0.294
   572.0 0.530 0.326 0.562 0.295
   573.0 0.532 0.327 0.563 0.296
   574.0 0.533 0.328 0.564 0.297
   575.0 0.534 0.329 0.565 0.297
   576.0 0.535 0.330 0.566 0.298
   577.0 0.535 0.331 0.567 0.299
   578.0 0.537 0.331 0.569 0.299
   579.0 0.538 0.332 0.570 0.300
   580.0 0.539 0.333 0.571 0.301
   581.0 0.540 0.334 0.573 0.301
   582.0 0.541 0.335 0.574 0.302
   583.0 0.543 0.336 0.576 0.303
   584.0 0.545 0.337 0.578 0.304
   585.0 0.545 0.338 0.578 0.305
   586.0 0.547 0.338 0.580 0.305
   587.0 0.548 0.340 0.581 0.306
   588.0 0.549 0.340 0.582 0.307
   589.0 0.550 0.341 0.583 0.308
   590.0 0.551 0.342 0.584 0.308
   591.0 0.552 0.343 0.586 0.309
   592.0 0.553 0.344 0.587 0.310
   593.0 0.554 0.345 0.588 0.311
   594.0 0.554 0.346 0.589 0.311
   595.0 0.555 0.347 0.590 0.313
   596.0 0.556 0.348 0.590 0.313
   597.0 0.556 0.349 0.591 0.314
   598.0 0.558 0.350 0.592 0.315
   599.0 0.559 0.351 0.594 0.315
   600.0 0.560 0.352 0.596 0.317
   601.0 0.561 0.353 0.597 0.317
   602.0 0.562 0.354 0.597 0.318
   603.0 0.563 0.355 0.599 0.319
   604.0 0.564 0.356 0.600 0.320
   605.0 0.566 0.357 0.602 0.320
   606.0 0.567 0.358 0.603 0.321
   607.0 0.567 0.359 0.604 0.322
   608.0 0.568 0.361 0.605 0.323
   609.0 0.569 0.361 0.606 0.324
   610.0 0.570 0.362 0.607 0.325
   611.0 0.571 0.364 0.609 0.326
   612.0 0.572 0.364 0.610 0.326
   613.0 0.573 0.365 0.611 0.327
   614.0 0.575 0.366 0.613 0.328
   615.0 0.576 0.367 0.614 0.329
   616.0 0.576 0.368 0.615 0.329
   617.0 0.577 0.369 0.616 0.330
   618.0 0.578 0.370 0.617 0.331
   619.0 0.579 0.371 0.618 0.332
   620.0 0.580 0.372 0.619 0.333
   621.0 0.581 0.373 0.620 0.334
   622.0 0.582 0.374 0.621 0.334
   623.0 0.582 0.375 0.622 0.335
   624.0 0.583 0.376 0.623 0.336
   625.0 0.583 0.377 0.623 0.337
   626.0 0.583 0.378 0.624 0.338
   627.0 0.583 0.379 0.624 0.339
   628.0 0.584 0.380 0.625 0.340
   629.0 0.584 0.381 0.625 0.340
   630.0 0.585 0.382 0.626 0.341
   631.0 0.585 0.383 0.626 0.342
   632.0 0.586 0.384 0.627 0.343
   633.0 0.586 0.385 0.627 0.344
   634.0 0.586 0.386 0.628 0.345
   635.0 0.588 0.387 0.629 0.346
   636.0 0.588 0.388 0.630 0.346
   637.0 0.589 0.389 0.631 0.347
   638.0 0.590 0.390 0.632 0.348
   639.0 0.590 0.391 0.632 0.349
   640.0 0.591 0.393 0.633 0.350
   641.0 0.591 0.393 0.634 0.350
   642.0 0.592 0.395 0.635 0.352
   643.0 0.592 0.396 0.635 0.352
   644.0 0.593 0.396 0.636 0.353
   645.0 0.593 0.397 0.637 0.354
   646.0 0.594 0.398 0.637 0.354
   647.0 0.594 0.400 0.638 0.356
   648.0 0.595 0.401 0.639 0.356
   649.0 0.595 0.402 0.640 0.357
   650.0 0.595 0.402 0.640 0.358
   651.0 0.596 0.403 0.641 0.359
   652.0 0.597 0.404 0.641 0.359
   653.0 0.597 0.405 0.642 0.360
   654.0 0.597 0.407 0.643 0.361
   655.0 0.598 0.407 0.643 0.362
   656.0 0.598 0.409 0.644 0.363
   657.0 0.599 0.409 0.645 0.363
   658.0 0.599 0.411 0.646 0.364
   659.0 0.600 0.412 0.646 0.365
   660.0 0.600 0.413 0.647 0.366
   661.0 0.601 0.414 0.647 0.367
   662.0 0.601 0.414 0.648 0.368
   663.0 0.601 0.416 0.649 0.369
   664.0 0.602 0.416 0.649 0.369
   665.0 0.602 0.417 0.650 0.370
   666.0 0.602 0.419 0.650 0.371
   667.0 0.603 0.420 0.651 0.372
   668.0 0.603 0.421 0.651 0.373
   669.0 0.603 0.421 0.651 0.373
   670.0 0.603 0.422 0.652 0.374
   671.0 0.603 0.424 0.652 0.375
   672.0 0.604 0.425 0.653 0.376
   673.0 0.604 0.426 0.653 0.376
   674.0 0.604 0.427 0.654 0.377
   675.0 0.605 0.428 0.655 0.378
   676.0 0.605 0.429 0.655 0.379
   677.0 0.606 0.430 0.656 0.380
   678.0 0.606 0.431 0.656 0.381
   679.0 0.606 0.432 0.656 0.382
   680.0 0.606 0.433 0.657 0.383
   681.0 0.607 0.434 0.657 0.384
   682.0 0.607 0.435 0.657 0.385
   683.0 0.607 0.436 0.657 0.386
   684.0 0.608 0.437 0.658 0.387
   685.0 0.608 0.438 0.658 0.388
   686.0 0.608 0.439 0.658 0.389
   687.0 0.609 0.440 0.658 0.390
   688.0 0.609 0.441 0.659 0.392
   689.0 0.609 0.442 0.659 0.392
   690.0 0.610 0.443 0.659 0.394
   691.0 0.610 0.444 0.660 0.395
   692.0 0.610 0.446 0.660 0.396
   693.0 0.610 0.447 0.660 0.397
   694.0 0.611 0.447 0.660 0.398
   695.0 0.611 0.448 0.660 0.399
   696.0 0.611 0.449 0.661 0.400
   697.0 0.612 0.450 0.661 0.401
   698.0 0.612 0.451 0.661 0.402
   699.0 0.612 0.453 0.662 0.403
   700.0 0.612 0.453 0.662 0.404
   701.0 0.612 0.454 0.662 0.405
   702.0 0.613 0.455 0.662 0.406
   703.0 0.613 0.457 0.663 0.407
   704.0 0.613 0.458 0.663 0.408
   705.0 0.614 0.458 0.663 0.409
   706.0 0.614 0.460 0.663 0.410
   707.0 0.614 0.460 0.664 0.411
   708.0 0.614 0.461 0.664 0.412
   709.0 0.615 0.462 0.664 0.412
   710.0 0.615 0.463 0.665 0.413
   711.0 0.616 0.464 0.665 0.414
   712.0 0.616 0.464 0.665 0.415
   713.0 0.616 0.466 0.666 0.416
   714.0 0.616 0.466 0.666 0.417
   715.0 0.617 0.467 0.666 0.418
   716.0 0.617 0.468 0.666 0.419
   717.0 0.617 0.469 0.666 0.420
   718.0 0.617 0.470 0.666 0.421
   719.0 0.618 0.471 0.667 0.422
   720.0 0.618 0.472 0.667 0.423
   721.0 0.618 0.473 0.667 0.423
   722.0 0.618 0.473 0.667 0.424
   723.0 0.618 0.474 0.667 0.425
   724.0 0.619 0.475 0.668 0.426
   725.0 0.619 0.475 0.668 0.426
   726.0 0.619 0.476 0.668 0.427
   727.0 0.620 0.477 0.669 0.428
   728.0 0.620 0.477 0.669 0.429
   729.0 0.621 0.478 0.669 0.430
   730.0 0.621 0.479 0.669 0.431
   731.0 0.622 0.479 0.669 0.432
   732.0 0.622 0.480 0.669 0.432
   733.0 0.622 0.480 0.670 0.433
   734.0 0.623 0.481 0.670 0.434
   735.0 0.623 0.482 0.670 0.434
   736.0 0.623 0.482 0.670 0.435
   737.0 0.623 0.483 0.670 0.435
   738.0 0.623 0.483 0.670 0.436
   739.0 0.623 0.484 0.671 0.437
   740.0 0.623 0.485 0.671 0.438
   741.0 0.624 0.486 0.671 0.439
   742.0 0.624 0.487 0.671 0.439
   743.0 0.624 0.488 0.672 0.441
   744.0 0.625 0.488 0.672 0.441
   745.0 0.625 0.489 0.672 0.442
   746.0 0.625 0.489 0.672 0.442
   747.0 0.625 0.490 0.672 0.443
   748.0 0.625 0.491 0.672 0.444
   749.0 0.625 0.492 0.672 0.445
   750.0 0.626 0.492 0.672 0.446
   751.0 0.626 0.493 0.672 0.447
   752.0 0.626 0.493 0.673 0.447
   753.0 0.626 0.494 0.673 0.448
   754.0 0.627 0.494 0.673 0.448
   755.0 0.627 0.494 0.673 0.449
   756.0 0.627 0.495 0.673 0.449
   757.0 0.627 0.495 0.673 0.449
   758.0 0.627 0.496 0.673 0.450
   759.0 0.628 0.496 0.673 0.450
   760.0 0.628 0.497 0.673 0.451
   761.0 0.628 0.497 0.673 0.452
   762.0 0.628 0.498 0.674 0.452
   763.0 0.628 0.498 0.674 0.452
   764.0 0.628 0.498 0.674 0.453
   765.0 0.628 0.498 0.674 0.453
   766.0 0.629 0.499 0.674 0.453
   767.0 0.629 0.499 0.674 0.454
   768.0 0.629 0.499 0.674 0.454
   769.0 0.629 0.499 0.674 0.455
   770.0 0.630 0.500 0.674 0.455
   771.0 0.630 0.500 0.675 0.455
   772.0 0.630 0.500 0.675 0.456
   773.0 0.631 0.501 0.675 0.456
   774.0 0.631 0.501 0.675 0.456
   775.0 0.631 0.501 0.676 0.456
   776.0 0.631 0.501 0.676 0.457
   777.0 0.631 0.502 0.676 0.458
   778.0 0.632 0.502 0.676 0.458
   779.0 0.632 0.503 0.676 0.458
   780.0 0.632 0.503 0.676 0.459
   781.0 0.632 0.503 0.676 0.459
   782.0 0.632 0.504 0.676 0.460
   783.0 0.632 0.505 0.676 0.460
   784.0 0.632 0.506 0.676 0.461
   785.0 0.633 0.506 0.677 0.461
   786.0 0.633 0.506 0.677 0.462
   787.0 0.633 0.507 0.677 0.463
   788.0 0.633 0.508 0.677 0.463
   789.0 0.633 0.508 0.677 0.464
   790.0 0.633 0.508 0.678 0.464
   791.0 0.633 0.509 0.678 0.465
   792.0 0.633 0.509 0.678 0.465
   793.0 0.634 0.509 0.678 0.465
   794.0 0.634 0.510 0.678 0.466
   795.0 0.634 0.510 0.678 0.466
   796.0 0.634 0.511 0.678 0.466
   797.0 0.634 0.511 0.678 0.467
   798.0 0.634 0.512 0.678 0.468
   799.0 0.634 0.512 0.678 0.468
   800.0 0.634 0.512 0.678 0.468
   801.0 0.635 0.512 0.679 0.468
   802.0 0.635 0.512 0.679 0.469
   803.0 0.635 0.513 0.679 0.469
   804.0 0.635 0.513 0.679 0.469
   805.0 0.635 0.514 0.679 0.470
   806.0 0.635 0.514 0.679 0.470
   807.0 0.636 0.514 0.679 0.470
   808.0 0.636 0.514 0.679 0.471
   809.0 0.637 0.515 0.680 0.472
   810.0 0.637 0.515 0.680 0.472
   811.0 0.637 0.516 0.680 0.472
   812.0 0.637 0.516 0.680 0.473
   813.0 0.637 0.517 0.680 0.473
   814.0 0.637 0.517 0.681 0.474
   815.0 0.637 0.518 0.681 0.474
   816.0 0.637 0.518 0.681 0.475
   817.0 0.637 0.519 0.681 0.475
   818.0 0.638 0.520 0.681 0.476
   819.0 0.638 0.520 0.681 0.476
   820.0 0.638 0.520 0.681 0.476
   821.0 0.638 0.520 0.682 0.476
   822.0 0.638 0.520 0.682 0.477
   823.0 0.638 0.520 0.682 0.477
   824.0 0.639 0.521 0.682 0.477
   825.0 0.639 0.521 0.682 0.477
   826.0 0.639 0.521 0.682 0.478
   827.0 0.639 0.522 0.682 0.478
   828.0 0.639 0.522 0.683 0.478
   829.0 0.639 0.522 0.683 0.479
   830.0 0.639 0.522 0.683 0.479
   831.0 0.640 0.523 0.683 0.479
   832.0 0.640 0.523 0.683 0.479
   833.0 0.640 0.523 0.683 0.480
   834.0 0.640 0.523 0.683 0.480
   835.0 0.640 0.523 0.683 0.480
   836.0 0.640 0.524 0.683 0.480
   837.0 0.640 0.524 0.683 0.480
   838.0 0.640 0.524 0.684 0.481
   839.0 0.640 0.524 0.684 0.481
   840.0 0.640 0.525 0.684 0.481
   841.0 0.641 0.525 0.684 0.482
   842.0 0.641 0.526 0.685 0.482
   843.0 0.641 0.526 0.685 0.482
   844.0 0.641 0.526 0.685 0.483
   845.0 0.642 0.527 0.685 0.484
   846.0 0.642 0.528 0.686 0.484
   847.0 0.642 0.528 0.686 0.484
   848.0 0.642 0.528 0.686 0.485
   849.0 0.642 0.529 0.686 0.485
   850.0 0.642 0.529 0.686 0.485
   851.0 0.642 0.530 0.686 0.486
   852.0 0.643 0.530 0.687 0.486
   853.0 0.643 0.531 0.687 0.487
   854.0 0.643 0.531 0.687 0.487
   855.0 0.643 0.532 0.687 0.487
   856.0 0.643 0.532 0.687 0.488
   857.0 0.643 0.532 0.687 0.488
   858.0 0.643 0.532 0.688 0.488
   859.0 0.644 0.533 0.688 0.489
   860.0 0.644 0.533 0.688 0.489
   861.0 0.644 0.533 0.688 0.489
   862.0 0.644 0.533 0.688 0.490
   863.0 0.644 0.534 0.688 0.490
   864.0 0.644 0.534 0.688 0.490
   865.0 0.645 0.534 0.688 0.491
   866.0 0.645 0.535 0.688 0.491
   867.0 0.645 0.535 0.689 0.491
   868.0 0.645 0.535 0.689 0.491
   869.0 0.645 0.535 0.689 0.492
   870.0 0.645 0.536 0.689 0.492
   871.0 0.645 0.536 0.689 0.492
   872.0 0.645 0.537 0.689 0.493
   873.0 0.645 0.537 0.689 0.493
   874.0 0.645 0.537 0.689 0.493
   875.0 0.646 0.538 0.690 0.494
   876.0 0.646 0.538 0.690 0.494
   877.0 0.646 0.538 0.690 0.494
   878.0 0.646 0.539 0.690 0.494
   879.0 0.646 0.539 0.690 0.495
   880.0 0.646 0.539 0.690 0.495
   881.0 0.646 0.540 0.690 0.496
   882.0 0.647 0.540 0.691 0.496
   883.0 0.647 0.541 0.691 0.496
   884.0 0.647 0.541 0.691 0.497
   885.0 0.647 0.541 0.691 0.497
   886.0 0.647 0.541 0.691 0.497
   887.0 0.647 0.542 0.691 0.498
   888.0 0.647 0.542 0.691 0.498
   889.0 0.648 0.542 0.692 0.498
   890.0 0.648 0.542 0.692 0.499
   891.0 0.648 0.543 0.692 0.499
   892.0 0.648 0.543 0.692 0.499
   893.0 0.648 0.544 0.692 0.500
   894.0 0.648 0.544 0.692 0.500
   895.0 0.648 0.544 0.692 0.500
   896.0 0.649 0.545 0.693 0.501
   897.0 0.649 0.545 0.693 0.501
   898.0 0.649 0.545 0.693 0.501
   899.0 0.649 0.545 0.693 0.501
   900.0 0.649 0.546 0.693 0.502
   901.0 0.649 0.546 0.693 0.502
   902.0 0.649 0.547 0.693 0.503
   903.0 0.649 0.547 0.693 0.503
   904.0 0.649 0.547 0.693 0.504
   905.0 0.649 0.547 0.693 0.504
   906.0 0.649 0.548 0.693 0.504
   907.0 0.650 0.549 0.693 0.505
   908.0 0.650 0.549 0.693 0.506
   909.0 0.650 0.549 0.693 0.506
   910.0 0.650 0.550 0.693 0.507
   911.0 0.650 0.550 0.693 0.507
   912.0 0.650 0.550 0.693 0.507
   913.0 0.650 0.551 0.694 0.508
   914.0 0.651 0.551 0.694 0.508
   915.0 0.651 0.551 0.694 0.509
   916.0 0.651 0.552 0.694 0.509
   917.0 0.651 0.552 0.694 0.509
   918.0 0.651 0.552 0.694 0.509
   919.0 0.651 0.552 0.694 0.510
   920.0 0.651 0.553 0.694 0.510
   921.0 0.651 0.553 0.694 0.511
   922.0 0.651 0.554 0.694 0.511
   923.0 0.651 0.554 0.694 0.511
   924.0 0.652 0.554 0.694 0.512
   925.0 0.652 0.555 0.694 0.512
   926.0 0.652 0.555 0.694 0.513
   927.0 0.652 0.555 0.694 0.513
   928.0 0.652 0.556 0.694 0.514
   929.0 0.652 0.556 0.694 0.514
   930.0 0.652 0.556 0.694 0.514
   931.0 0.652 0.556 0.694 0.514
   932.0 0.652 0.557 0.694 0.515
   933.0 0.652 0.557 0.694 0.515
   934.0 0.653 0.557 0.694 0.516
   935.0 0.653 0.558 0.694 0.516
   936.0 0.653 0.558 0.694 0.516
   937.0 0.653 0.559 0.695 0.517
   938.0 0.653 0.559 0.695 0.518
   939.0 0.654 0.559 0.695 0.518
   940.0 0.654 0.560 0.695 0.519
   941.0 0.654 0.560 0.695 0.519
   942.0 0.654 0.560 0.695 0.520
   943.0 0.654 0.560 0.695 0.520
   944.0 0.654 0.561 0.695 0.521
   945.0 0.654 0.562 0.695 0.521
   946.0 0.654 0.562 0.695 0.522
   947.0 0.655 0.562 0.695 0.522
   948.0 0.655 0.563 0.695 0.522
   949.0 0.655 0.563 0.695 0.523
   950.0 0.655 0.563 0.695 0.523
   951.0 0.655 0.564 0.695 0.524
   952.0 0.655 0.564 0.695 0.524
   953.0 0.655 0.564 0.695 0.525
   954.0 0.656 0.565 0.695 0.525
   955.0 0.656 0.565 0.695 0.526
   956.0 0.656 0.565 0.695 0.526
   957.0 0.656 0.565 0.695 0.526
   958.0 0.656 0.566 0.696 0.526
   959.0 0.657 0.566 0.696 0.527
   960.0 0.657 0.566 0.696 0.527
   961.0 0.657 0.566 0.696 0.527
   962.0 0.657 0.567 0.696 0.528
   963.0 0.657 0.567 0.696 0.528
   964.0 0.657 0.568 0.696 0.528
   965.0 0.657 0.568 0.696 0.529
   966.0 0.657 0.568 0.696 0.529
   967.0 0.657 0.569 0.696 0.530
   968.0 0.657 0.569 0.696 0.530
   969.0 0.658 0.569 0.696 0.531
   970.0 0.658 0.570 0.696 0.531
   971.0 0.658 0.570 0.696 0.531
   972.0 0.658 0.570 0.696 0.532
   973.0 0.658 0.570 0.696 0.532
   974.0 0.658 0.571 0.696 0.532
   975.0 0.658 0.571 0.696 0.532
   976.0 0.658 0.571 0.696 0.533
   977.0 0.658 0.571 0.696 0.533
   978.0 0.658 0.571 0.696 0.533
   979.0 0.658 0.572 0.697 0.534
   980.0 0.658 0.572 0.697 0.534
   981.0 0.658 0.573 0.697 0.534
   982.0 0.659 0.573 0.697 0.535
   983.0 0.659 0.573 0.697 0.535
   984.0 0.659 0.574 0.697 0.536
   985.0 0.659 0.574 0.697 0.536
   986.0 0.659 0.574 0.697 0.536
   987.0 0.659 0.575 0.697 0.536
   988.0 0.659 0.575 0.697 0.536
   989.0 0.659 0.575 0.697 0.537
   990.0 0.659 0.575 0.697 0.537
   991.0 0.659 0.575 0.697 0.537
   992.0 0.659 0.576 0.697 0.538
   993.0 0.659 0.576 0.697 0.538
   994.0 0.659 0.576 0.697 0.538
   995.0 0.660 0.576 0.697 0.539
   996.0 0.660 0.577 0.697 0.539
   997.0 0.660 0.577 0.697 0.539
   998.0 0.660 0.577 0.697 0.540
   999.0 0.660 0.577 0.697 0.540
  1000.0 0.660 0.577 0.697 0.540
  1001.0 0.660 0.578 0.697 0.540
  1002.0 0.660 0.578 0.697 0.541
  1003.0 0.660 0.578 0.697 0.541
  1004.0 0.660 0.579 0.697 0.541
  1005.0 0.660 0.579 0.697 0.542
  1006.0 0.660 0.579 0.697 0.542
  1007.0 0.660 0.579 0.697 0.542
  1008.0 0.660 0.579 0.697 0.542
  1009.0 0.661 0.579 0.697 0.543
  1010.0 0.661 0.580 0.697 0.543
  1011.0 0.661 0.580 0.698 0.543
  1012.0 0.661 0.580 0.698 0.544
  1013.0 0.661 0.581 0.698 0.544
  1014.0 0.661 0.581 0.698 0.544
  1015.0 0.661 0.581 0.698 0.544
  1016.0 0.661 0.582 0.698 0.545
  1017.0 0.661 0.582 0.698 0.545
  1018.0 0.661 0.582 0.698 0.545
  1019.0 0.661 0.583 0.698 0.546
  1020.0 0.661 0.583 0.698 0.546
  1021.0 0.661 0.584 0.698 0.547
  1022.0 0.661 0.584 0.698 0.547
  1023.0 0.661 0.585 0.698 0.548
  1024.0 0.661 0.585 0.698 0.548
  1025.0 0.662 0.585 0.698 0.548
  1026.0 0.662 0.585 0.698 0.549
  1027.0 0.662 0.585 0.698 0.549
  1028.0 0.662 0.586 0.698 0.549
  1029.0 0.662 0.586 0.698 0.549
  1030.0 0.662 0.586 0.699 0.549
  1031.0 0.662 0.587 0.699 0.550
  1032.0 0.662 0.587 0.699 0.550
  1033.0 0.662 0.587 0.699 0.551
  1034.0 0.662 0.588 0.699 0.551
  1035.0 0.662 0.588 0.699 0.551
  1036.0 0.662 0.588 0.699 0.552
  1037.0 0.663 0.588 0.699 0.552
  1038.0 0.663 0.589 0.699 0.553
  1039.0 0.663 0.589 0.699 0.553
  1040.0 0.663 0.590 0.699 0.554
  1041.0 0.663 0.590 0.699 0.554
  1042.0 0.663 0.590 0.699 0.554
  1043.0 0.663 0.590 0.699 0.554
  1044.0 0.663 0.590 0.699 0.554
  1045.0 0.663 0.591 0.699 0.555
  1046.0 0.663 0.591 0.699 0.555
  1047.0 0.663 0.591 0.699 0.555
  1048.0 0.663 0.592 0.699 0.556
  1049.0 0.663 0.592 0.699 0.556
  1050.0 0.663 0.592 0.699 0.556
  1051.0 0.664 0.592 0.699 0.557
  1052.0 0.664 0.592 0.699 0.557
  1053.0 0.664 0.593 0.699 0.557
  1054.0 0.664 0.593 0.699 0.557
  1055.0 0.664 0.594 0.699 0.558
  1056.0 0.664 0.594 0.699 0.559
  1057.0 0.664 0.594 0.699 0.559
  1058.0 0.664 0.595 0.700 0.559
  1059.0 0.664 0.595 0.700 0.560
  1060.0 0.664 0.595 0.700 0.560
  1061.0 0.664 0.595 0.700 0.560
  1062.0 0.664 0.596 0.700 0.560
  1063.0 0.664 0.596 0.700 0.561
  1064.0 0.664 0.596 0.700 0.561
  1065.0 0.664 0.597 0.700 0.561
  1066.0 0.664 0.597 0.700 0.561
  1067.0 0.664 0.597 0.700 0.561
  1068.0 0.664 0.597 0.700 0.562
  1069.0 0.665 0.597 0.700 0.562
  1070.0 0.665 0.597 0.700 0.562
  1071.0 0.665 0.598 0.700 0.563
  1072.0 0.665 0.598 0.700 0.563
  1073.0 0.665 0.598 0.700 0.563
  1074.0 0.665 0.599 0.700 0.564
  1075.0 0.665 0.599 0.700 0.564
  1076.0 0.665 0.599 0.700 0.564
  1077.0 0.665 0.599 0.700 0.564
  1078.0 0.665 0.599 0.700 0.564
  1079.0 0.665 0.599 0.700 0.564
  1080.0 0.665 0.599 0.700 0.565
  1081.0 0.665 0.600 0.701 0.565
  1082.0 0.665 0.600 0.701 0.565
  1083.0 0.665 0.601 0.701 0.565
  1084.0 0.665 0.601 0.701 0.566
  1085.0 0.665 0.601 0.701 0.566
  1086.0 0.665 0.601 0.701 0.566
  1087.0 0.665 0.601 0.701 0.566
  1088.0 0.665 0.602 0.701 0.566
  1089.0 0.666 0.602 0.701 0.567
  1090.0 0.666 0.602 0.701 0.567
  1091.0 0.666 0.602 0.701 0.567
  1092.0 0.666 0.603 0.701 0.568
  1093.0 0.666 0.603 0.701 0.568
  1094.0 0.666 0.603 0.701 0.568
  1095.0 0.666 0.603 0.701 0.568
  1096.0 0.666 0.603 0.701 0.568
  1097.0 0.666 0.604 0.701 0.569
  1098.0 0.666 0.604 0.701 0.569
  1099.0 0.666 0.605 0.701 0.569
  1100.0 0.666 0.605 0.701 0.570
  1101.0 0.666 0.605 0.701 0.570
  1102.0 0.666 0.605 0.701 0.570
  1103.0 0.666 0.606 0.701 0.570
  1104.0 0.666 0.606 0.701 0.571
  1105.0 0.666 0.606 0.702 0.571
  1106.0 0.666 0.607 0.702 0.571
  1107.0 0.666 0.607 0.702 0.572
  1108.0 0.666 0.607 0.702 0.572
  1109.0 0.666 0.608 0.702 0.572
  1110.0 0.666 0.608 0.702 0.572
  1111.0 0.666 0.608 0.702 0.572
  1112.0 0.666 0.608 0.702 0.572
  1113.0 0.666 0.608 0.702 0.573
  1114.0 0.666 0.609 0.702 0.573
  1115.0 0.666 0.609 0.702 0.573
  1116.0 0.666 0.609 0.702 0.573
  1117.0 0.666 0.609 0.702 0.574
  1118.0 0.666 0.609 0.702 0.574
  1119.0 0.666 0.610 0.702 0.574
  1120.0 0.666 0.610 0.702 0.574
  1121.0 0.666 0.610 0.702 0.574
  1122.0 0.666 0.610 0.702 0.574
  1123.0 0.666 0.610 0.702 0.575
  1124.0 0.666 0.611 0.702 0.575
  1125.0 0.666 0.611 0.702 0.575
  1126.0 0.666 0.611 0.702 0.575
  1127.0 0.666 0.611 0.702 0.575
  1128.0 0.666 0.611 0.702 0.575
  1129.0 0.666 0.611 0.702 0.575
  1130.0 0.666 0.611 0.702 0.575
  1131.0 0.666 0.611 0.702 0.576
  1132.0 0.666 0.612 0.702 0.576
  1133.0 0.666 0.612 0.702 0.576
  1134.0 0.666 0.612 0.702 0.576
  1135.0 0.666 0.612 0.702 0.576
  1136.0 0.666 0.612 0.702 0.577
  1137.0 0.666 0.613 0.702 0.577
  1138.0 0.666 0.613 0.702 0.577
  1139.0 0.666 0.613 0.702 0.578
  1140.0 0.666 0.613 0.702 0.578
  1141.0 0.666 0.613 0.702 0.578
  1142.0 0.666 0.614 0.702 0.578
  1143.0 0.666 0.614 0.702 0.578
  1144.0 0.666 0.614 0.702 0.578
  1145.0 0.666 0.614 0.702 0.578
  1146.0 0.666 0.614 0.702 0.578
  1147.0 0.666 0.615 0.702 0.579
  1148.0 0.666 0.615 0.702 0.579
  1149.0 0.666 0.615 0.703 0.579
  1150.0 0.666 0.615 0.703 0.579
  1151.0 0.666 0.615 0.703 0.579
  1152.0 0.666 0.616 0.703 0.580
  1153.0 0.666 0.616 0.703 0.580
  1154.0 0.666 0.616 0.703 0.580
  1155.0 0.666 0.616 0.703 0.580
  1156.0 0.666 0.616 0.703 0.580
  1157.0 0.666 0.617 0.703 0.580
  1158.0 0.666 0.617 0.703 0.581
  1159.0 0.666 0.617 0.703 0.581
  1160.0 0.666 0.617 0.703 0.581
  1161.0 0.666 0.617 0.703 0.581
  1162.0 0.667 0.618 0.703 0.582
  1163.0 0.667 0.618 0.703 0.582
  1164.0 0.667 0.618 0.703 0.582
  1165.0 0.667 0.619 0.703 0.583
  1166.0 0.667 0.619 0.703 0.583
  1167.0 0.667 0.619 0.703 0.583
  1168.0 0.667 0.619 0.703 0.583
  1169.0 0.667 0.619 0.703 0.583
  1170.0 0.667 0.619 0.703 0.583
  1171.0 0.667 0.620 0.703 0.584
  1172.0 0.667 0.620 0.703 0.584
  1173.0 0.667 0.620 0.703 0.584
  1174.0 0.667 0.620 0.703 0.584
  1175.0 0.667 0.620 0.703 0.584
  1176.0 0.667 0.620 0.703 0.584
  1177.0 0.667 0.621 0.703 0.585
  1178.0 0.667 0.621 0.703 0.585
  1179.0 0.667 0.621 0.703 0.585
  1180.0 0.667 0.621 0.703 0.585
  1181.0 0.667 0.621 0.703 0.585
  1182.0 0.667 0.621 0.703 0.585
  1183.0 0.667 0.621 0.703 0.585
  1184.0 0.667 0.622 0.703 0.585
  1185.0 0.667 0.622 0.703 0.585
  1186.0 0.667 0.622 0.703 0.585
  1187.0 0.667 0.622 0.703 0.586
  1188.0 0.667 0.622 0.703 0.586
  1189.0 0.667 0.622 0.703 0.586
  1190.0 0.667 0.622 0.703 0.586
  1191.0 0.667 0.622 0.703 0.586
  1192.0 0.667 0.623 0.703 0.586
  1193.0 0.667 0.623 0.703 0.586
  1194.0 0.667 0.623 0.703 0.587
  1195.0 0.667 0.623 0.703 0.587
  1196.0 0.667 0.623 0.703 0.587
  1197.0 0.667 0.623 0.703 0.587
  1198.0 0.667 0.623 0.703 0.587
  1199.0 0.667 0.623 0.703 0.587
  1200.0 0.667 0.623 0.703 0.587
  1201.0 0.667 0.624 0.703 0.587
  1202.0 0.667 0.624 0.703 0.587
  1203.0 0.667 0.624 0.703 0.587
  1204.0 0.667 0.624 0.703 0.588
  1205.0 0.667 0.624 0.703 0.588
  1206.0 0.667 0.624 0.703 0.588
  1207.0 0.667 0.624 0.703 0.588
  1208.0 0.667 0.624 0.703 0.588
  1209.0 0.667 0.624 0.703 0.588
  1210.0 0.667 0.625 0.703 0.588
  1211.0 0.667 0.625 0.703 0.588
  1212.0 0.667 0.625 0.704 0.588
  1213.0 0.667 0.625 0.704 0.589
  1214.0 0.667 0.625 0.704 0.589
  1215.0 0.667 0.625 0.704 0.589
  1216.0 0.667 0.626 0.704 0.589
  1217.0 0.667 0.626 0.704 0.589
  1218.0 0.667 0.626 0.704 0.589
  1219.0 0.667 0.626 0.704 0.589
  1220.0 0.667 0.626 0.704 0.589
  1221.0 0.667 0.626 0.704 0.589
  1222.0 0.667 0.626 0.704 0.589
  1223.0 0.667 0.626 0.704 0.589
  1224.0 0.667 0.626 0.704 0.589
  1225.0 0.667 0.626 0.704 0.590
  1226.0 0.667 0.626 0.704 0.590
  1227.0 0.667 0.627 0.704 0.590
  1228.0 0.667 0.627 0.704 0.590
  1229.0 0.667 0.627 0.704 0.590
  1230.0 0.667 0.627 0.704 0.590
  1231.0 0.667 0.627 0.704 0.590
  1232.0 0.667 0.627 0.704 0.590
  1233.0 0.667 0.627 0.704 0.590
  1234.0 0.667 0.627 0.704 0.590
  1235.0 0.667 0.627 0.704 0.591
  1236.0 0.667 0.628 0.704 0.591
  1237.0 0.667 0.628 0.704 0.591
  1238.0 0.667 0.628 0.704 0.591
  1239.0 0.667 0.628 0.704 0.591
  1240.0 0.667 0.628 0.704 0.591
  1241.0 0.667 0.628 0.704 0.591
  1242.0 0.667 0.628 0.704 0.591
  1243.0 0.667 0.628 0.704 0.591
  1244.0 0.667 0.629 0.704 0.592
  1245.0 0.667 0.629 0.704 0.592
  1246.0 0.667 0.629 0.704 0.592
  1247.0 0.667 0.629 0.704 0.592
  1248.0 0.667 0.629 0.704 0.592
  1249.0 0.667 0.629 0.704 0.592
  1250.0 0.667 0.629 0.704 0.593
  1251.0 0.667 0.629 0.704 0.593
  1252.0 0.667 0.629 0.704 0.593
  1253.0 0.667 0.630 0.704 0.593
  1254.0 0.667 0.630 0.704 0.593
  1255.0 0.667 0.630 0.704 0.593
  1256.0 0.667 0.630 0.704 0.593
  1257.0 0.667 0.630 0.704 0.593
  1258.0 0.667 0.630 0.704 0.593
  1259.0 0.667 0.630 0.704 0.594
  1260.0 0.667 0.630 0.704 0.594
  1261.0 0.667 0.630 0.704 0.594
  1262.0 0.667 0.630 0.704 0.594
  1263.0 0.667 0.630 0.704 0.594
  1264.0 0.667 0.631 0.704 0.594
  1265.0 0.667 0.631 0.704 0.594
  1266.0 0.667 0.631 0.704 0.594
  1267.0 0.667 0.631 0.704 0.594
  1268.0 0.667 0.631 0.704 0.594
  1269.0 0.667 0.631 0.704 0.594
  1270.0 0.667 0.631 0.704 0.594
  1271.0 0.667 0.631 0.704 0.594
  1272.0 0.667 0.631 0.704 0.594
  1273.0 0.667 0.631 0.704 0.594
  1274.0 0.667 0.632 0.704 0.595
  1275.0 0.667 0.632 0.704 0.595
  1276.0 0.667 0.632 0.704 0.595
  1277.0 0.667 0.632 0.704 0.595
  1278.0 0.667 0.632 0.704 0.595
  1279.0 0.667 0.632 0.704 0.595
  1280.0 0.667 0.632 0.704 0.595
  1281.0 0.667 0.632 0.704 0.595
  1282.0 0.667 0.632 0.704 0.595
  1283.0 0.667 0.632 0.704 0.595
  1284.0 0.667 0.632 0.704 0.595
  1285.0 0.667 0.633 0.704 0.596
  1286.0 0.667 0.633 0.704 0.596
  1287.0 0.667 0.633 0.704 0.596
  1288.0 0.667 0.633 0.704 0.596
  1289.0 0.667 0.633 0.704 0.596
  1290.0 0.667 0.634 0.704 0.597
  1291.0 0.667 0.634 0.704 0.597
  1292.0 0.667 0.634 0.704 0.597
  1293.0 0.667 0.634 0.704 0.597
  1294.0 0.667 0.634 0.704 0.597
  1295.0 0.667 0.634 0.704 0.597
  1296.0 0.667 0.634 0.704 0.597
  1297.0 0.667 0.634 0.704 0.597
  1298.0 0.667 0.634 0.704 0.597
  1299.0 0.667 0.634 0.704 0.597
  1300.0 0.667 0.634 0.704 0.597
  1301.0 0.667 0.634 0.704 0.597
  1302.0 0.667 0.635 0.704 0.597
  1303.0 0.667 0.635 0.704 0.598
  1304.0 0.667 0.635 0.704 0.598
  1305.0 0.667 0.635 0.704 0.598
  1306.0 0.667 0.635 0.704 0.598
  1307.0 0.667 0.635 0.704 0.598
  1308.0 0.667 0.635 0.704 0.598
  1309.0 0.667 0.635 0.704 0.598
  1310.0 0.667 0.635 0.704 0.598
  1311.0 0.667 0.635 0.704 0.598
  1312.0 0.667 0.635 0.704 0.598
  1313.0 0.667 0.636 0.704 0.598
  1314.0 0.667 0.636 0.704 0.598
  1315.0 0.667 0.636 0.704 0.599
  1316.0 0.667 0.636 0.704 0.599
  1317.0 0.667 0.637 0.704 0.599
  1318.0 0.667 0.637 0.704 0.599
  1319.0 0.667 0.637 0.704 0.599
  1320.0 0.667 0.637 0.704 0.599
  1321.0 0.667 0.637 0.704 0.600
  1322.0 0.667 0.637 0.704 0.600
  1323.0 0.667 0.637 0.704 0.600
  1324.0 0.667 0.638 0.704 0.600
  1325.0 0.667 0.638 0.704 0.600
  1326.0 0.667 0.638 0.704 0.600
  1327.0 0.667 0.638 0.704 0.600
  1328.0 0.667 0.638 0.705 0.600
  1329.0 0.667 0.638 0.705 0.600
  1330.0 0.667 0.638 0.705 0.600
  1331.0 0.667 0.638 0.705 0.600
  1332.0 0.667 0.638 0.705 0.601
  1333.0 0.667 0.638 0.705 0.601
  1334.0 0.667 0.638 0.705 0.601
  1335.0 0.667 0.638 0.705 0.601
  1336.0 0.667 0.638 0.705 0.601
  1337.0 0.667 0.639 0.705 0.601
  1338.0 0.667 0.639 0.705 0.601
  1339.0 0.667 0.639 0.705 0.601
  1340.0 0.667 0.639 0.705 0.601
  1341.0 0.667 0.639 0.705 0.602
  1342.0 0.667 0.639 0.705 0.602
  1343.0 0.667 0.639 0.705 0.602
  1344.0 0.667 0.639 0.705 0.602
  1345.0 0.667 0.639 0.705 0.602
  1346.0 0.667 0.639 0.705 0.602
  1347.0 0.667 0.640 0.705 0.602
  1348.0 0.667 0.640 0.705 0.602
  1349.0 0.667 0.640 0.705 0.602
  1350.0 0.667 0.640 0.705 0.602
  1351.0 0.667 0.640 0.705 0.603
  1352.0 0.667 0.640 0.705 0.603
  1353.0 0.667 0.640 0.705 0.603
  1354.0 0.667 0.640 0.705 0.603
  1355.0 0.667 0.640 0.705 0.603
  1356.0 0.667 0.641 0.705 0.603
  1357.0 0.667 0.641 0.705 0.603
  1358.0 0.667 0.641 0.705 0.603
  1359.0 0.667 0.641 0.705 0.603
  1360.0 0.667 0.641 0.705 0.603
  1361.0 0.667 0.641 0.705 0.603
  1362.0 0.667 0.641 0.705 0.603
  1363.0 0.667 0.641 0.705 0.603
  1364.0 0.667 0.641 0.705 0.603
  1365.0 0.667 0.641 0.705 0.603
  1366.0 0.667 0.641 0.705 0.603
  1367.0 0.667 0.641 0.705 0.603
  1368.0 0.667 0.641 0.705 0.604
  1369.0 0.667 0.641 0.705 0.604
  1370.0 0.667 0.641 0.705 0.604
  1371.0 0.667 0.641 0.705 0.604
  1372.0 0.667 0.641 0.705 0.604
  1373.0 0.667 0.641 0.705 0.604
  1374.0 0.667 0.642 0.705 0.604
  1375.0 0.667 0.642 0.705 0.604
  1376.0 0.667 0.642 0.705 0.604
  1377.0 0.667 0.642 0.705 0.605
  1378.0 0.667 0.643 0.705 0.605
  1379.0 0.668 0.643 0.705 0.605
  1380.0 0.668 0.643 0.705 0.605
  1381.0 0.668 0.643 0.705 0.605
  1382.0 0.668 0.643 0.705 0.605
  1383.0 0.668 0.643 0.705 0.606
  1384.0 0.668 0.643 0.705 0.606
  1385.0 0.668 0.643 0.705 0.606
  1386.0 0.668 0.643 0.705 0.606
  1387.0 0.668 0.643 0.705 0.606
  1388.0 0.668 0.643 0.705 0.606
  1389.0 0.668 0.643 0.705 0.606
  1390.0 0.668 0.643 0.705 0.606
  1391.0 0.668 0.644 0.705 0.606
  1392.0 0.668 0.644 0.705 0.606
  1393.0 0.668 0.644 0.705 0.606
  1394.0 0.668 0.644 0.705 0.606
  1395.0 0.668 0.644 0.705 0.606
  1396.0 0.668 0.644 0.705 0.607
  1397.0 0.668 0.644 0.705 0.607
  1398.0 0.668 0.644 0.705 0.607
  1399.0 0.668 0.644 0.705 0.607
  1400.0 0.668 0.644 0.705 0.607
  1401.0 0.668 0.645 0.705 0.607
  1402.0 0.668 0.645 0.705 0.607
  1403.0 0.668 0.645 0.705 0.608
  1404.0 0.668 0.645 0.705 0.608
  1405.0 0.668 0.646 0.705 0.608
  1406.0 0.668 0.646 0.705 0.609
  1407.0 0.668 0.646 0.705 0.609
  1408.0 0.668 0.646 0.705 0.609
  1409.0 0.668 0.646 0.705 0.609
  1410.0 0.668 0.647 0.705 0.609
  1411.0 0.668 0.647 0.705 0.609
  1412.0 0.668 0.647 0.705 0.609
  1413.0 0.668 0.647 0.705 0.610
  1414.0 0.668 0.647 0.705 0.610
  1415.0 0.668 0.647 0.705 0.610
  1416.0 0.668 0.648 0.705 0.610
  1417.0 0.668 0.648 0.705 0.610
  1418.0 0.668 0.648 0.705 0.610
  1419.0 0.668 0.648 0.705 0.610
  1420.0 0.668 0.648 0.705 0.611
  1421.0 0.668 0.648 0.705 0.611
  1422.0 0.668 0.648 0.706 0.611
  1423.0 0.668 0.649 0.706 0.611
  1424.0 0.668 0.649 0.706 0.611
  1425.0 0.668 0.649 0.706 0.611
  1426.0 0.668 0.649 0.706 0.611
  1427.0 0.668 0.649 0.706 0.612
  1428.0 0.668 0.649 0.706 0.612
  1429.0 0.668 0.649 0.706 0.612
  1430.0 0.668 0.649 0.706 0.612
  1431.0 0.668 0.650 0.706 0.612
  1432.0 0.668 0.650 0.706 0.613
  1433.0 0.668 0.650 0.706 0.613
  1434.0 0.669 0.650 0.706 0.613
  1435.0 0.669 0.650 0.706 0.613
  1436.0 0.669 0.650 0.706 0.613
  1437.0 0.669 0.650 0.706 0.613
  1438.0 0.669 0.651 0.706 0.613
  1439.0 0.669 0.651 0.706 0.613
  1440.0 0.669 0.651 0.706 0.614
  1441.0 0.669 0.651 0.706 0.614
  1442.0 0.669 0.651 0.706 0.614
  1443.0 0.669 0.651 0.706 0.614
  1444.0 0.669 0.651 0.706 0.614
  1445.0 0.669 0.651 0.706 0.614
  1446.0 0.669 0.651 0.706 0.614
  1447.0 0.669 0.651 0.706 0.614
  1448.0 0.669 0.651 0.706 0.614
  1449.0 0.669 0.652 0.706 0.615
  1450.0 0.669 0.652 0.706 0.615
  1451.0 0.669 0.652 0.706 0.615
  1452.0 0.669 0.652 0.706 0.615
  1453.0 0.669 0.652 0.706 0.615
  1454.0 0.669 0.652 0.706 0.615
  1455.0 0.669 0.652 0.706 0.615
  1456.0 0.669 0.653 0.706 0.616
  1457.0 0.669 0.653 0.706 0.616
  1458.0 0.669 0.653 0.706 0.616
  1459.0 0.669 0.653 0.706 0.616
  1460.0 0.669 0.653 0.706 0.616
  1461.0 0.669 0.653 0.706 0.616
  1462.0 0.669 0.653 0.706 0.617
  1463.0 0.669 0.653 0.706 0.617
  1464.0 0.669 0.653 0.706 0.617
  1465.0 0.669 0.654 0.706 0.617
  1466.0 0.669 0.654 0.706 0.617
  1467.0 0.669 0.654 0.707 0.617
  1468.0 0.669 0.654 0.707 0.617
  1469.0 0.669 0.654 0.707 0.617
  1470.0 0.669 0.654 0.707 0.617
  1471.0 0.669 0.654 0.707 0.617
  1472.0 0.669 0.654 0.707 0.617
  1473.0 0.669 0.655 0.707 0.618
  1474.0 0.669 0.655 0.707 0.618
  1475.0 0.669 0.655 0.707 0.618
  1476.0 0.669 0.655 0.707 0.618
  1477.0 0.669 0.655 0.707 0.618
  1478.0 0.669 0.655 0.707 0.618
  1479.0 0.670 0.656 0.707 0.619
  1480.0 0.670 0.656 0.707 0.619
  1481.0 0.670 0.656 0.707 0.619
  1482.0 0.670 0.656 0.707 0.619
  1483.0 0.670 0.656 0.707 0.619
  1484.0 0.670 0.656 0.707 0.619
  1485.0 0.670 0.657 0.707 0.620
  1486.0 0.670 0.657 0.707 0.620
  1487.0 0.670 0.657 0.707 0.620
  1488.0 0.670 0.657 0.707 0.620
  1489.0 0.670 0.657 0.707 0.620
  1490.0 0.670 0.657 0.707 0.620
  1491.0 0.670 0.657 0.707 0.620
  1492.0 0.670 0.657 0.707 0.621
  1493.0 0.670 0.657 0.707 0.621
  1494.0 0.670 0.658 0.707 0.621
  1495.0 0.670 0.658 0.707 0.621
  1496.0 0.670 0.658 0.707 0.621
  1497.0 0.670 0.658 0.707 0.621
  1498.0 0.670 0.658 0.707 0.621
  1499.0 0.670 0.658 0.707 0.621
  1500.0 0.670 0.658 0.707 0.621
  1501.0 0.670 0.658 0.707 0.621
  1502.0 0.670 0.658 0.707 0.621
  1503.0 0.671 0.658 0.707 0.621
  1504.0 0.671 0.658 0.707 0.622
  1505.0 0.671 0.658 0.707 0.622
  1506.0 0.671 0.658 0.707 0.622
  1507.0 0.671 0.659 0.707 0.622
  1508.0 0.671 0.659 0.707 0.623
  1509.0 0.671 0.659 0.707 0.623
  1510.0 0.671 0.659 0.707 0.623
  1511.0 0.671 0.659 0.707 0.623
  1512.0 0.671 0.659 0.707 0.624
  1513.0 0.671 0.659 0.707 0.624
  1514.0 0.671 0.659 0.707 0.624
  1515.0 0.671 0.659 0.707 0.624
  1516.0 0.672 0.660 0.707 0.624
  1517.0 0.672 0.660 0.707 0.624
  1518.0 0.672 0.660 0.707 0.624
  1519.0 0.672 0.660 0.707 0.624
  1520.0 0.672 0.660 0.707 0.624
  1521.0 0.672 0.660 0.707 0.624
  1522.0 0.672 0.660 0.707 0.625
  1523.0 0.672 0.660 0.707 0.625
  1524.0 0.672 0.660 0.707 0.625
  1525.0 0.672 0.660 0.707 0.625
  1526.0 0.672 0.660 0.707 0.625
  1527.0 0.672 0.660 0.707 0.625
  1528.0 0.672 0.660 0.707 0.625
  1529.0 0.672 0.660 0.707 0.625
  1530.0 0.672 0.661 0.707 0.625
  1531.0 0.672 0.661 0.707 0.625
  1532.0 0.672 0.661 0.707 0.626
  1533.0 0.672 0.661 0.707 0.626
  1534.0 0.672 0.661 0.707 0.626
  1535.0 0.672 0.661 0.708 0.626
  1536.0 0.673 0.661 0.708 0.626
  1537.0 0.673 0.661 0.708 0.626
  1538.0 0.673 0.661 0.708 0.627
  1539.0 0.673 0.662 0.708 0.627
  1540.0 0.673 0.662 0.708 0.627
  1541.0 0.673 0.662 0.708 0.627
  1542.0 0.673 0.662 0.708 0.627
  1543.0 0.673 0.662 0.708 0.627
  1544.0 0.673 0.662 0.708 0.627
  1545.0 0.673 0.662 0.708 0.627
  1546.0 0.673 0.662 0.708 0.627
  1547.0 0.673 0.662 0.708 0.628
  1548.0 0.673 0.662 0.708 0.628
  1549.0 0.673 0.662 0.708 0.628
  1550.0 0.674 0.663 0.708 0.628
  1551.0 0.674 0.663 0.708 0.628
  1552.0 0.674 0.663 0.708 0.628
  1553.0 0.674 0.663 0.708 0.628
  1554.0 0.674 0.663 0.708 0.628
  1555.0 0.674 0.663 0.708 0.629
  1556.0 0.674 0.663 0.708 0.629
  1557.0 0.674 0.663 0.708 0.629
  1558.0 0.674 0.663 0.708 0.630
  1559.0 0.674 0.664 0.708 0.630
  1560.0 0.674 0.664 0.708 0.630
  1561.0 0.674 0.664 0.708 0.630
  1562.0 0.674 0.664 0.708 0.630
  1563.0 0.674 0.664 0.708 0.630
  1564.0 0.674 0.664 0.708 0.630
  1565.0 0.674 0.664 0.708 0.630
  1566.0 0.675 0.664 0.708 0.631
  1567.0 0.675 0.664 0.708 0.631
  1568.0 0.675 0.664 0.708 0.631
  1569.0 0.675 0.665 0.708 0.631
  1570.0 0.675 0.665 0.708 0.631
  1571.0 0.675 0.665 0.708 0.631
  1572.0 0.675 0.665 0.709 0.631
  1573.0 0.675 0.665 0.709 0.631
  1574.0 0.675 0.665 0.709 0.632
  1575.0 0.675 0.665 0.709 0.632
  1576.0 0.675 0.665 0.709 0.632
  1577.0 0.675 0.665 0.709 0.632
  1578.0 0.675 0.665 0.709 0.632
  1579.0 0.675 0.665 0.709 0.632
  1580.0 0.675 0.665 0.709 0.632
  1581.0 0.675 0.665 0.709 0.632
  1582.0 0.675 0.666 0.709 0.632
  1583.0 0.675 0.666 0.709 0.632
  1584.0 0.675 0.666 0.709 0.633
  1585.0 0.676 0.666 0.709 0.633
  1586.0 0.676 0.666 0.709 0.633
  1587.0 0.676 0.666 0.709 0.633
  1588.0 0.676 0.666 0.709 0.633
  1589.0 0.676 0.666 0.709 0.633
  1590.0 0.676 0.666 0.709 0.633
  1591.0 0.676 0.666 0.709 0.633
  1592.0 0.676 0.666 0.709 0.633
  1593.0 0.676 0.666 0.709 0.633
  1594.0 0.676 0.666 0.709 0.634
  1595.0 0.676 0.667 0.709 0.634
  1596.0 0.676 0.667 0.709 0.634
  1597.0 0.676 0.667 0.709 0.634
  1598.0 0.676 0.667 0.709 0.634
  1599.0 0.676 0.667 0.709 0.634
  1600.0 0.676 0.667 0.709 0.634
  1601.0 0.676 0.667 0.709 0.634
  1602.0 0.677 0.667 0.709 0.635
  1603.0 0.677 0.667 0.709 0.635
  1604.0 0.677 0.667 0.709 0.635
  1605.0 0.677 0.667 0.709 0.635
  1606.0 0.677 0.667 0.709 0.635
  1607.0 0.677 0.667 0.709 0.635
  1608.0 0.677 0.668 0.709 0.636
  1609.0 0.677 0.668 0.709 0.636
  1610.0 0.678 0.668 0.709 0.636
  1611.0 0.678 0.668 0.709 0.636
  1612.0 0.678 0.668 0.709 0.636
  1613.0 0.678 0.668 0.709 0.636
  1614.0 0.678 0.668 0.709 0.636
  1615.0 0.678 0.668 0.709 0.636
  1616.0 0.678 0.668 0.709 0.636
  1617.0 0.678 0.668 0.709 0.636
  1618.0 0.678 0.668 0.709 0.637
  1619.0 0.678 0.668 0.709 0.637
  1620.0 0.678 0.668 0.709 0.637
  1621.0 0.678 0.668 0.709 0.637
  1622.0 0.678 0.668 0.709 0.637
  1623.0 0.678 0.669 0.709 0.637
  1624.0 0.678 0.669 0.709 0.637
  1625.0 0.678 0.669 0.709 0.637
  1626.0 0.678 0.669 0.709 0.637
  1627.0 0.678 0.669 0.709 0.637
  1628.0 0.678 0.669 0.709 0.637
  1629.0 0.678 0.669 0.709 0.638
  1630.0 0.678 0.669 0.710 0.638
  1631.0 0.679 0.669 0.710 0.638
  1632.0 0.679 0.669 0.710 0.638
  1633.0 0.679 0.669 0.710 0.638
  1634.0 0.679 0.669 0.710 0.638
  1635.0 0.679 0.669 0.710 0.639
  1636.0 0.679 0.670 0.710 0.639
  1637.0 0.679 0.670 0.710 0.639
  1638.0 0.679 0.670 0.710 0.639
  1639.0 0.679 0.670 0.710 0.639
  1640.0 0.679 0.670 0.710 0.639
  1641.0 0.679 0.670 0.710 0.639
  1642.0 0.679 0.670 0.710 0.639
  1643.0 0.679 0.670 0.710 0.639
  1644.0 0.679 0.670 0.710 0.640
  1645.0 0.679 0.670 0.710 0.640
  1646.0 0.679 0.670 0.710 0.640
  1647.0 0.679 0.670 0.710 0.640
  1648.0 0.679 0.670 0.710 0.640
  1649.0 0.679 0.671 0.710 0.640
  1650.0 0.679 0.671 0.710 0.640
  1651.0 0.679 0.671 0.710 0.640
  1652.0 0.679 0.671 0.710 0.640
  1653.0 0.679 0.671 0.710 0.640
  1654.0 0.680 0.671 0.710 0.640
  1655.0 0.680 0.671 0.710 0.640
  1656.0 0.680 0.671 0.710 0.640
  1657.0 0.680 0.671 0.710 0.641
  1658.0 0.680 0.671 0.710 0.641
  1659.0 0.680 0.671 0.710 0.641
  1660.0 0.680 0.671 0.710 0.641
  1661.0 0.680 0.671 0.710 0.641
  1662.0 0.680 0.671 0.710 0.641
  1663.0 0.680 0.672 0.710 0.641
  1664.0 0.680 0.672 0.710 0.641
  1665.0 0.680 0.672 0.710 0.641
  1666.0 0.680 0.672 0.710 0.641
  1667.0 0.680 0.672 0.710 0.642
  1668.0 0.680 0.672 0.710 0.642
  1669.0 0.680 0.672 0.710 0.642
  1670.0 0.680 0.672 0.711 0.642
  1671.0 0.680 0.672 0.711 0.642
  1672.0 0.680 0.672 0.711 0.642
  1673.0 0.680 0.672 0.711 0.642
  1674.0 0.680 0.673 0.711 0.642
  1675.0 0.680 0.673 0.711 0.642
  1676.0 0.680 0.673 0.711 0.642
  1677.0 0.680 0.673 0.711 0.642
  1678.0 0.680 0.673 0.711 0.642
  1679.0 0.681 0.673 0.711 0.643
  1680.0 0.681 0.673 0.711 0.643
  1681.0 0.681 0.673 0.711 0.643
  1682.0 0.681 0.673 0.711 0.643
  1683.0 0.681 0.673 0.711 0.643
  1684.0 0.681 0.673 0.711 0.643
  1685.0 0.681 0.673 0.711 0.643
  1686.0 0.681 0.673 0.711 0.643
  1687.0 0.681 0.673 0.711 0.643
  1688.0 0.681 0.674 0.711 0.643
  1689.0 0.681 0.674 0.711 0.644
  1690.0 0.681 0.674 0.711 0.644
  1691.0 0.681 0.674 0.711 0.644
  1692.0 0.681 0.674 0.711 0.644
  1693.0 0.681 0.674 0.711 0.644
  1694.0 0.681 0.674 0.711 0.644
  1695.0 0.681 0.674 0.711 0.644
  1696.0 0.681 0.674 0.711 0.644
  1697.0 0.681 0.674 0.711 0.644
  1698.0 0.681 0.674 0.711 0.644
  1699.0 0.681 0.674 0.711 0.644
  1700.0 0.681 0.674 0.711 0.644
  1701.0 0.681 0.675 0.711 0.645
  1702.0 0.681 0.675 0.711 0.645
  1703.0 0.681 0.675 0.711 0.645
  1704.0 0.681 0.675 0.711 0.645
  1705.0 0.681 0.675 0.711 0.645
  1706.0 0.681 0.675 0.711 0.645
  1707.0 0.681 0.675 0.711 0.645
  1708.0 0.681 0.675 0.711 0.645
  1709.0 0.681 0.675 0.711 0.645
  1710.0 0.681 0.675 0.711 0.645
  1711.0 0.681 0.676 0.711 0.646
  1712.0 0.681 0.676 0.711 0.646
  1713.0 0.681 0.676 0.711 0.646
  1714.0 0.681 0.676 0.711 0.646
  1715.0 0.681 0.676 0.711 0.646
  1716.0 0.681 0.676 0.711 0.646
  1717.0 0.681 0.676 0.711 0.646
  1718.0 0.682 0.676 0.711 0.646
  1719.0 0.682 0.676 0.711 0.647
  1720.0 0.682 0.676 0.711 0.647
  1721.0 0.682 0.676 0.711 0.647
  1722.0 0.682 0.676 0.711 0.647
  1723.0 0.682 0.676 0.711 0.647
  1724.0 0.682 0.676 0.711 0.647
  1725.0 0.682 0.676 0.711 0.647
  1726.0 0.682 0.677 0.711 0.647
  1727.0 0.682 0.677 0.711 0.647
  1728.0 0.682 0.677 0.711 0.647
  1729.0 0.682 0.677 0.711 0.648
  1730.0 0.682 0.677 0.711 0.648
  1731.0 0.682 0.677 0.711 0.648
  1732.0 0.682 0.677 0.711 0.648
  1733.0 0.682 0.677 0.711 0.648
  1734.0 0.682 0.677 0.712 0.648
  1735.0 0.682 0.677 0.712 0.648
  1736.0 0.682 0.677 0.712 0.648
  1737.0 0.682 0.677 0.712 0.648
  1738.0 0.682 0.678 0.712 0.648
  1739.0 0.682 0.678 0.712 0.648
  1740.0 0.682 0.678 0.712 0.648
  1741.0 0.682 0.678 0.712 0.648
  1742.0 0.682 0.678 0.712 0.648
  1743.0 0.683 0.678 0.712 0.649
  1744.0 0.683 0.678 0.712 0.649
  1745.0 0.683 0.678 0.712 0.649
  1746.0 0.683 0.678 0.712 0.649
  1747.0 0.683 0.678 0.712 0.649
  1748.0 0.683 0.678 0.712 0.649
  1749.0 0.683 0.678 0.712 0.650
  1750.0 0.683 0.679 0.712 0.650
  1751.0 0.683 0.679 0.712 0.650
  1752.0 0.683 0.679 0.712 0.650
  1753.0 0.683 0.679 0.712 0.650
  1754.0 0.683 0.679 0.712 0.650
  1755.0 0.683 0.679 0.712 0.650
  1756.0 0.683 0.679 0.712 0.650
  1757.0 0.683 0.679 0.712 0.650
  1758.0 0.683 0.679 0.712 0.650
  1759.0 0.683 0.679 0.712 0.650
  1760.0 0.683 0.679 0.712 0.650
  1761.0 0.683 0.679 0.712 0.650
  1762.0 0.683 0.679 0.712 0.650
  1763.0 0.683 0.679 0.712 0.651
  1764.0 0.683 0.679 0.712 0.651
  1765.0 0.683 0.679 0.712 0.651
  1766.0 0.683 0.679 0.712 0.651
  1767.0 0.683 0.680 0.712 0.651
  1768.0 0.683 0.680 0.712 0.651
  1769.0 0.683 0.680 0.712 0.651
  1770.0 0.683 0.680 0.712 0.651
  1771.0 0.683 0.680 0.712 0.651
  1772.0 0.683 0.680 0.712 0.651
  1773.0 0.684 0.680 0.712 0.651
  1774.0 0.684 0.680 0.712 0.652
  1775.0 0.684 0.680 0.712 0.652
  1776.0 0.684 0.680 0.712 0.652
  1777.0 0.684 0.680 0.712 0.652
  1778.0 0.684 0.680 0.712 0.652
  1779.0 0.684 0.680 0.712 0.652
  1780.0 0.684 0.680 0.712 0.652
  1781.0 0.684 0.680 0.712 0.652
  1782.0 0.684 0.681 0.712 0.652
  1783.0 0.684 0.681 0.712 0.652
  1784.0 0.684 0.681 0.712 0.652
  1785.0 0.684 0.681 0.712 0.652
  1786.0 0.684 0.681 0.712 0.653
  1787.0 0.684 0.681 0.712 0.653
  1788.0 0.684 0.681 0.712 0.653
  1789.0 0.684 0.681 0.712 0.653
  1790.0 0.684 0.681 0.712 0.653
  1791.0 0.684 0.681 0.712 0.653
  1792.0 0.684 0.681 0.712 0.653
  1793.0 0.684 0.681 0.712 0.653
  1794.0 0.684 0.681 0.712 0.653
  1795.0 0.684 0.681 0.712 0.653
  1796.0 0.684 0.681 0.712 0.653
  1797.0 0.684 0.681 0.712 0.653
  1798.0 0.684 0.681 0.712 0.653
