     1    1          762.9     130.3     705       0     164.4     4.64      0.095     713      5      0    0.007
     2    2          623.4      81.4    1586       0     110.0     5.67      0.086    1596      9      0    0.006
     3    3          644.8      81.3    2008       0     111.9     5.76      0.084    2014      6      0    0.003
     4    4          640.3      73.7    1579       0     107.1     5.98      0.084    1594      7      0    0.004
     5    5          594.2      73.9    1984       0     105.3     5.64      0.088    1984      3      0    0.002
     6    6          650.7      76.9    1635       0     102.4     6.36      0.080    1648     11      0    0.007
     7    7          690.3      76.3    1968       0     106.8     6.46      0.079    1987     16      0    0.008
     8    8          706.0      95.0    1572       0     117.8     5.99      0.081    1610      4      0    0.002
     9    9          701.8     107.8    1926       0     138.4     5.07      0.089    1962     13      0    0.007
    10    10         634.4      97.5    1586       0     126.9     5.00      0.091    1619     10      0    0.006
    11    11         593.1      83.7    1913       0     108.2     5.48      0.091    1963     17      0    0.009
    12    12         656.0     111.2    1600       0     135.5     4.84      0.090    1627     10      0    0.006
    13    13         609.1     110.4    1874       0     124.8     4.88      0.087    1911     12      0    0.006
    14    14         642.5      91.2    1595       0     116.2     5.53      0.089    1624      9      0    0.006
    15    15         663.8      85.6    2029       0     116.4     5.70      0.084    2061      3      0    0.001
    16    16         663.2      96.9    1516       0     121.4     5.46      0.089    1542      9      0    0.006
    17    17         570.7      81.3    1967       0     109.4     5.22      0.091    1996      9      0    0.005
    18    18         756.8      77.3    1578       0     114.6     6.61      0.076    1604      7      0    0.004
    19    19         653.0      76.4    2004       0     114.4     5.71      0.087    2028     10      0    0.005
    20    20         559.7      75.5    1575       0     103.2     5.42      0.091    1597      4      0    0.003
    21    21         715.9      79.1    1969       0     123.6     5.79      0.085    1999      9      0    0.005
    22    22         668.2      85.2    1748       0     120.0     5.57      0.086    1756      4      0    0.002
    23    23         690.2      82.9    1845       0     117.7     5.87      0.085    1864      9      0    0.005
    24    24         702.5      83.9    1702       0     126.0     5.58      0.085    1721      3      0    0.002
    25    25         599.1      84.3    1940       0     117.7     5.09      0.093    1962      6      0    0.003
    26    26         675.2      79.7    1606       0     126.7     5.33      0.086    1626      8      0    0.005
    27    27         660.8      76.9    2000       0     119.4     5.53      0.088    2034      5      0    0.002
    28    28         601.6      82.1    1679       0     116.4     5.17      0.090    1703      6      0    0.004
    29    29         629.7      72.9    1906       0     117.2     5.37      0.091    1934     10      0    0.005
    30    30         701.4      83.1    1666       0     133.1     5.27      0.089    1693     11      0    0.006
    31    31         658.9      76.6    2105       0     115.2     5.72      0.087    2131      7      0    0.003
    32    32         626.3      58.1    1543       0      94.0     6.66      0.079    1569      6      0    0.004
    33    33         652.7      62.9    1992       0     110.4     5.91      0.082    2023      6      0    0.003
    34    34         618.5      60.1    1580       0     102.4     6.04      0.084    1602      6      0    0.004
    35    35         685.3      56.0    2121       0      99.6     6.88      0.075    2152      5      0    0.002
    36    36         672.4      74.7    1638       0     117.3     5.73      0.084    1661      5      0    0.003
    37    37         674.6      66.5    1964       0     108.5     6.22      0.075    1994      4      0    0.002
    38    38         596.2      68.9    1590       0     105.4     5.66      0.084    1614      8      0    0.005
    39    39         654.8      66.3    1992       0      96.7     6.77      0.077    2013      4      0    0.002
    40    40         658.4      54.8    1676       0      97.4     6.76      0.076    1703      4      0    0.002
    41    41         695.8      64.3    2033       0      98.2     7.09      0.073    2061      7      0    0.003
    42    42         801.6      84.6    1699       0     127.1     6.31      0.071    1724      4      0    0.002
    43    43         757.5      62.9    2041       0     105.2     7.20      0.070    2066      3      0    0.001
    44    44         565.2      57.4    1609       0      85.8     6.59      0.079    1628      3      0    0.002
    45    45         585.2      49.8    1964       0      82.7     7.08      0.076    1976      3      0    0.002
    46    46         614.4      51.3    1654       0      79.9     7.69      0.072    1660      5      0    0.003
    47    47         638.7      54.4    1990       0      86.9     7.35      0.074    2015      8      0    0.004
    48    48         646.3      55.6    1648       0      91.2     7.09      0.076    1664      3      0    0.002
    49    49         652.4      54.4    2000       0      78.7     8.29      0.070    2016      3      0    0.001
    50    50         576.7      50.3    1670       0      80.8     7.14      0.081    1685      5      0    0.003
    51    51         648.3      58.5    1969       0      83.3     7.78      0.074    1987      4      0    0.002
    52    52         617.3      63.1    1621       0      88.5     6.98      0.078    1630      2      0    0.001
    53    53         641.7      61.9    1994       0      90.5     7.09      0.075    2012      6      0    0.003
    54    54         779.8      68.0    1699       0     102.8     7.58      0.070    1718      6      0    0.003
    55    55         642.6      61.9    2023       0      82.3     7.81      0.073    2035      3      0    0.001
    56    56         702.5      67.3    1693       0      98.6     7.13      0.073    1709      2      0    0.001
    57    57         670.5      63.7    2019       0     107.6     6.23      0.079    2044      3      0    0.001
    58    58         662.8      64.5    1637       0      97.1     6.83      0.079    1652      2      0    0.001
    59    59         581.5      54.1    1994       0      86.8     6.70      0.083    2011      0      0    0.000
    60    60         619.4      74.9    1572       0     101.0     6.13      0.084    1579      4      0    0.003
    61    61         737.7      81.7    2132       0     112.7     6.54      0.084    2141      2      0    0.001
    62    62         695.9      93.6    1669       0     126.0     5.52      0.092    1684      5      0    0.003
    63    63         636.9     104.5    1970       0     124.2     5.13      0.101    1986      0      0    0.000
    64    64         559.8      83.3    1564       0     107.3     5.22      0.106    1581      1      0    0.001
    65    65         693.8      95.6    2035       0     122.4     5.67      0.097    2053      1      0    0.000
    66    66         659.2      85.9    1665       0     116.4     5.66      0.098    1680      1      0    0.001
    67    67         642.8     103.0    1992       0     136.1     4.72      0.109    2010      1      0    0.000
    68    68         669.7      91.1    1501       0     123.7     5.41      0.100    1512      0      0    0.000
    69    69         622.0      97.8    2152       0     134.4     4.63      0.110    2161      2      0    0.001
    70    70         668.3      83.6    1580       0     131.2     5.09      0.107    1585      0      0    0.000
    71    71         622.3      92.8    1945       0     122.9     5.06      0.112    1951      0      0    0.000
    72    72         633.0     121.0    1647       0     146.7     4.32      0.114    1659      1      0    0.001
    73    73         657.7     104.1    2009       0     141.4     4.65      0.109    2021      2      0    0.001
    74    74         655.2     118.5    1551       0     151.1     4.34      0.112    1560      0      0    0.000
    75    75         646.9     101.2    2008       0     144.2     4.49      0.120    2020      3      0    0.001
    76    76         649.2     106.4    1520       0     147.5     4.40      0.124    1526      0      0    0.000
    77    77         574.1      98.6    2046       0     124.7     4.60      0.125    2056      0      0    0.000
    78    78         676.8     122.7    1572       0     154.2     4.39      0.122    1580      0      0    0.000
    79    79         602.9     110.7    2015       0     135.6     4.45      0.124    2024      0      0    0.000
    80    80         553.4      90.5    1517       0     108.6     5.10      0.126    1524      0      0    0.000
    81    81         654.3     123.1    1955       0     155.7     4.20      0.127    1969      0      0    0.000
    82    82         622.3     109.7    1631       0     151.6     4.10      0.130    1639      0      0    0.000
    83    83         613.5     112.9    1895       0     140.5     4.37      0.126    1903      0      0    0.000
    84    84         608.9     112.1    1555       0     143.1     4.26      0.130    1561      0      0    0.000
    85    85         643.7     113.6    1917       0     156.8     4.11      0.129    1925      0      0    0.000
    86    86         671.7     122.6    1663       0     156.1     4.30      0.130    1668      1      0    0.001
    87    87         606.8     118.1    1889       0     161.3     3.76      0.143    1895      0      0    0.000
    88    88         522.5     149.9    1584       0     176.0     2.97      0.160    1591      0      0    0.000
    89    89         571.6     124.3    1834       0     144.3     3.96      0.142    1839      1      0    0.001
    90    90         630.5     132.8    1582       0     159.6     3.95      0.136    1586      0      0    0.000
    91    91         576.7     124.5     678       0     139.8     4.12      0.131     680      1      0    0.001

