     1    201       1019.3     131.6     516       0     177.1     5.76      0.089     516      3      0    0.006
     2    202        869.7      93.2    1162       0     131.3     6.63      0.087    1162     15      0    0.013
     3    203        803.4      83.8    1444       0     120.1     6.69      0.088    1444     10      0    0.007
     4    204        897.8      99.5    1130       0     132.8     6.76      0.080    1131     14      0    0.012
     5    205        774.4      92.0    1447       0     129.3     5.99      0.092    1447     14      0    0.010
     6    206        896.3      86.3    1178       0     124.1     7.22      0.084    1178     10      0    0.008
     7    207        906.9      81.6    1459       0     118.6     7.65      0.082    1459     24      0    0.016
     8    208        982.1      99.9    1138       0     141.0     6.96      0.080    1139     14      0    0.012
     9    209        954.7     114.9    1438       0     152.4     6.26      0.083    1438     16      0    0.011
    10    210        817.1      97.3    1190       0     137.0     5.96      0.094    1191     15      0    0.013
    11    211        802.6     119.1    1379       0     148.9     5.39      0.093    1379     22      0    0.016
    12    212        887.7      98.5    1192       0     151.9     5.85      0.088    1192     14      0    0.012
    13    213        803.4     105.1    1349       0     137.8     5.83      0.093    1349     15      0    0.011
    14    214        845.4      84.0    1179       0     122.1     6.92      0.087    1179     15      0    0.013
    15    215        906.3      97.4    1469       0     142.8     6.34      0.086    1469     24      0    0.016
    16    216        905.1     104.1    1159       0     134.8     6.71      0.086    1159      9      0    0.008
    17    217        817.8      97.4    1452       0     139.8     5.85      0.090    1453     11      0    0.008
    18    218        987.2      89.8    1174       0     137.4     7.19      0.082    1176     12      0    0.010
    19    219        851.9      79.2    1489       0     123.8     6.88      0.086    1490     14      0    0.009
    20    220        725.8      84.2    1128       0     117.5     6.18      0.098    1129     12      0    0.011
    21    221       1020.1     104.8    1512       0     152.4     6.69      0.083    1513     23      0    0.015
    22    222        908.9     103.3    1273       0     144.0     6.31      0.089    1273     14      0    0.011
    23    223        959.3      89.8    1374       0     128.6     7.46      0.082    1374     10      0    0.007
    24    224        964.9      87.9    1219       0     144.5     6.68      0.084    1220     16      0    0.013
    25    225        778.7      81.1    1459       0     123.7     6.29      0.093    1461     17      0    0.012
    26    226        910.7      83.3    1175       0     142.1     6.41      0.087    1175     14      0    0.012
    27    227        921.2      84.4    1436       0     133.0     6.93      0.087    1436     24      0    0.017
    28    228        815.7      82.3    1275       0     130.8     6.24      0.091    1277     19      0    0.015
    29    229        852.9      83.6    1345       0     135.7     6.28      0.096    1349     17      0    0.013
    30    230        913.0      90.8    1244       0     149.2     6.12      0.092    1244      9      0    0.007
    31    231        866.0      78.9    1553       0     132.9     6.51      0.092    1555     13      0    0.008
    32    232        900.4      76.6    1139       0     124.5     7.23      0.086    1139     10      0    0.009
    33    233        883.0      72.4    1415       0     140.1     6.30      0.094    1415     13      0    0.009
    34    234        838.6      81.4    1178       0     135.4     6.19      0.094    1178      8      0    0.007
    35    235        872.7      81.5    1559       0     133.6     6.53      0.092    1559     17      0    0.011
    36    236        937.5      82.0    1209       0     136.7     6.86      0.085    1209     10      0    0.008
    37    237        933.5      77.9    1434       0     142.0     6.57      0.084    1434      8      0    0.006
    38    238        784.3      80.7    1157       0     119.9     6.54      0.096    1158      6      0    0.005
    39    239        875.7      91.9    1468       0     131.5     6.66      0.089    1469     10      0    0.007
    40    240        880.5      73.4    1204       0     121.8     7.23      0.087    1205      8      0    0.007
    41    241        981.2      99.7    1525       0     150.6     6.51      0.087    1525     21      0    0.014
    42    242       1002.9      84.3    1237       0     136.6     7.34      0.080    1237     11      0    0.009
    43    243       1053.4      78.5    1522       0     133.7     7.88      0.076    1522     15      0    0.010
    44    244        801.2      74.2    1141       0     108.5     7.39      0.088    1141     13      0    0.011
    45    245        755.2      77.6    1439       0     104.5     7.22      0.092    1439     19      0    0.013
    46    246        855.4      84.5    1204       0     116.2     7.36      0.089    1204     12      0    0.010
    47    247        845.9      84.7    1479       0     112.0     7.56      0.089    1479     12      0    0.008
    48    248        870.2      83.7    1192       0     114.7     7.59      0.088    1192     17      0    0.014
    49    249        856.5      84.1    1446       0     116.3     7.37      0.089    1447     23      0    0.016
    50    250        762.3      76.6    1207       0     105.1     7.26      0.098    1207     12      0    0.010
    51    251        837.6      85.5    1476       0     114.7     7.30      0.093    1476     15      0    0.010
    52    252        836.7      98.0    1139       0     123.9     6.75      0.096    1139     18      0    0.016
    53    253        924.0     102.2    1455       0     134.7     6.86      0.090    1455     19      0    0.013
    54    254       1000.9     104.2    1246       0     139.5     7.17      0.089    1246     15      0    0.012
    55    255        855.1      99.6    1504       0     129.1     6.63      0.099    1505     26      0    0.017
    56    256        923.1     102.1    1218       0     134.0     6.89      0.096    1218     13      0    0.011
    57    257        910.1      95.8    1455       0     139.4     6.53      0.099    1456     24      0    0.016
    58    258        867.7      95.7    1175       0     136.0     6.38      0.107    1175     14      0    0.012
    59    259        794.4     104.7    1392       0     129.4     6.14      0.111    1392     27      0    0.019
    60    260        882.9     112.0    1152       0     141.6     6.23      0.107    1152     14      0    0.012
    61    261        979.2     112.3    1545       0     141.2     6.93      0.100    1546     25      0    0.016
    62    262        909.5     144.3    1235       0     176.5     5.15      0.112    1236     15      0    0.012
    63    263        866.9     111.0    1406       0     142.0     6.10      0.113    1406     14      0    0.010
    64    264        698.4     107.0    1120       0     134.7     5.18      0.138    1120      8      0    0.007
    65    265        893.3     112.8    1500       0     143.9     6.21      0.114    1500     17      0    0.011
    66    266        882.5     120.8    1213       0     149.6     5.90      0.119    1213     13      0    0.011
    67    267        860.7     141.7    1404       0     178.1     4.83      0.136    1404     14      0    0.010
    68    268        969.0     133.0    1079       0     184.3     5.26      0.120    1079     18      0    0.017
    69    269        820.3     126.7    1610       0     171.4     4.79      0.136    1611      8      0    0.005
    70    270        856.2     122.2    1087       0     163.3     5.24      0.130    1087     15      0    0.014
    71    271        793.4     134.8    1409       0     167.0     4.75      0.147    1409     17      0    0.012
    72    272        827.1     141.3    1203       0     165.1     5.01      0.140    1203     13      0    0.011
    73    273        870.9     147.6    1412       0     179.5     4.85      0.139    1412     16      0    0.011
    74    274        852.6     144.8    1136       0     165.7     5.15      0.136    1136      8      0    0.007
    75    275        847.8     139.7    1436       0     178.5     4.75      0.148    1436      9      0    0.006
    76    276        828.1     147.2    1123       0     180.4     4.59      0.147    1123     14      0    0.012
    77    277        813.4     151.0    1417       0     179.8     4.52      0.155    1417     16      0    0.011
    78    278        859.5     158.9    1167       0     193.2     4.45      0.154    1167     15      0    0.013
    79    279        803.9     152.7    1390       0     183.8     4.37      0.159    1390     11      0    0.008
    80    280        694.3     149.3    1106       0     175.0     3.97      0.185    1106     11      0    0.010
    81    281        898.0     171.5    1396       0     198.3     4.53      0.153    1397     12      0    0.009
    82    282        786.7     161.1    1191       0     194.2     4.05      0.176    1191     10      0    0.008
    83    283        821.1     166.5    1324       0     196.3     4.18      0.169    1324     17      0    0.013
    84    284        807.6     167.9    1120       0     195.7     4.13      0.171    1120      8      0    0.007
    85    285        860.1     168.5    1385       0     204.1     4.21      0.163    1385     12      0    0.009
    86    286        880.7     167.7    1173       0     204.1     4.32      0.164    1174      8      0    0.007
    87    287        805.2     204.9    1382       0     239.0     3.37      0.183    1382     18      0    0.013
    88    288        747.8     203.6    1100       0     232.7     3.21      0.211    1100      8      0    0.007
    89    289        727.1     171.4    1330       0     195.5     3.72      0.197    1330     12      0    0.009
    90    290        813.8     184.3    1104       0     208.4     3.90      0.182    1104      7      0    0.006
    91    291        742.7     189.2     448       0     201.7     3.68      0.187     448      3      0    0.007

